0	0
1	1
2	0
3	0
4	0
5	1
6	0
7	1
8	0
9	0
10	1
11	0
12	0
13	0
14	0
15	0
16	1
17	0
18	0
19	1
20	1
21	1
22	0
23	0
24	1
25	1
26	1
27	1
28	0
29	0
30	1
31	0
32	1
33	0
34	0
35	1
36	0
37	1
38	1
39	1
40	1
41	0
42	1
43	0
44	1
45	0
46	1
47	1
48	0
49	0
50	1
51	0
52	1
53	0
54	0
55	1
56	0
57	0
58	1
59	0
60	1
61	1
62	0
63	0
64	0
65	0
66	1
67	0
68	1
69	0
70	0
71	1
72	1
73	0
74	1
75	1
76	1
77	0
78	0
79	1
80	1
81	0
82	1
83	1
84	1
85	0
86	0
87	0
88	0
89	1
90	1
91	0
92	0
93	1
94	0
95	0
96	1
97	1
98	0
99	0
100	0
101	1
102	1
103	1
104	1
105	1
106	1
107	0
108	1
109	1
110	1
111	1
112	0
113	0
114	0
115	1
116	0
117	0
118	0
119	0
120	0
121	0
122	0
123	0
124	0
125	1
126	1
127	1
128	1
129	1
130	1
131	1
132	1
133	0
134	0
135	0
136	0
137	1
138	0
139	0
140	1
141	0
142	1
143	1
144	1
145	0
146	1
147	1
148	1
149	0
150	1
151	0
152	0
153	1
154	0
155	0
156	0
157	0
158	1
159	1
160	1
161	0
162	1
163	0
164	1
165	0
166	0
167	1
168	1
169	0
170	0
171	1
172	1
173	1
174	0
175	1
176	1
177	0
178	1
179	0
180	0
181	1
182	1
183	0
184	1
185	0
186	0
187	0
188	0
189	0
190	0
191	0
192	1
193	0
194	1
195	0
196	1
197	1
198	0
199	0
200	1
201	1
202	0
203	0
204	0
205	1
206	1
207	0
208	1
209	1
210	0
211	1
212	0
213	0
214	0
215	0
216	1
217	0
218	1
219	1
220	1
221	1
222	0
223	1
224	1
225	1
226	1
227	1
228	0
229	1
230	1
231	1
232	1
233	0
234	0
235	0
236	0
237	1
238	0
239	1
240	0
241	0
242	1
243	1
244	1
245	0
246	1
247	1
248	1
249	0
250	1
251	1
252	1
253	0
254	1
255	0
256	1
257	0
258	1
259	1
260	1
261	0
262	1
263	0
264	1
265	0
266	1
267	1
268	1
269	1
270	0
271	0
272	0
273	1
274	1
275	1
276	0
277	1
278	0
279	1
280	0
281	0
282	0
283	1
284	1
285	1
286	0
287	0
288	1
289	0
290	1
291	0
292	1
293	1
294	1
295	0
296	0
297	0
298	1
299	0
300	1
301	0
302	0
303	0
304	1
305	0
306	0
307	1
308	0
309	0
310	1
311	0
312	1
313	0
314	0
315	0
316	1
317	0
318	0
319	1
320	1
321	1
322	1
323	0
324	1
325	0
326	0
327	1
328	1
329	1
330	1
331	1
332	1
333	1
334	0
335	1
336	0
337	1
338	0
339	0
340	0
341	1
342	1
343	1
344	1
345	1
346	1
347	0
348	0
349	0
350	0
351	1
352	0
353	0
354	0
355	0
356	1
357	0
358	0
359	1
360	0
361	0
362	1
363	0
364	1
365	1
366	0
367	0
368	0
369	1
370	1
371	1
372	0
373	1
374	0
375	0
376	1
377	0
378	1
379	0
380	1
381	1
382	1
383	0
384	1
385	1
386	0
387	1
388	0
389	0
390	1
391	0
392	0
393	1
394	0
395	0
396	1
397	1
398	0
399	0
400	1
401	0
402	1
403	0
404	0
405	0
406	0
407	0
408	0
409	1
410	1
411	1
412	1
413	0
414	1
415	0
416	1
417	0
418	1
419	1
420	1
421	0
422	0
423	1
424	0
425	0
426	0
427	1
428	0
429	0
430	0
431	0
432	0
433	1
434	1
435	0
436	1
437	1
438	1
439	0
440	0
441	1
442	1
443	1
444	1
445	0
446	1
447	0
448	0
449	1
450	1
451	0
452	1
453	0
454	1
455	1
456	1
457	0
458	1
459	0
460	1
461	0
462	0
463	0
464	1
465	0
466	0
467	1
468	1
469	0
470	0
471	0
472	0
473	1
474	0
475	1
476	1
477	1
478	0
479	0
480	1
481	1
482	1
483	0
484	0
485	1
486	1
487	0
488	1
489	1
490	1
491	1
492	0
493	1
494	1
495	0
496	0
497	1
498	1
499	1
500	0
501	0
502	0
503	1
504	1
505	1
506	0
507	1
508	0
509	1
510	1
511	1
512	0
513	1
514	1
515	1
516	1
517	1
518	0
519	1
520	0
521	0
522	0
523	1
524	0
525	0
526	0
527	0
528	1
529	0
530	1
531	0
532	1
533	1
534	1
535	0
536	1
537	0
538	0
539	0
540	1
541	1
542	0
543	0
544	0
545	1
546	0
547	1
548	1
549	1
550	0
551	0
552	1
553	0
554	1
555	0
556	1
557	0
558	0
559	1
560	0
561	1
562	1
563	0
564	1
565	1
566	1
567	0
568	0
569	1
570	0
571	0
572	0
573	0
574	0
575	1
576	1
577	1
578	0
579	1
580	1
581	0
582	0
583	0
584	1
585	0
586	1
587	0
588	1
589	1
590	1
591	1
592	1
593	1
594	0
595	1
596	1
597	0
598	1
599	1
600	0
601	0
602	1
603	1
604	0
605	1
606	1
607	0
608	1
609	1
610	1
611	0
612	0
613	0
614	1
615	0
616	0
617	1
618	0
619	1
620	0
621	0
622	0
623	1
624	0
625	1
626	0
627	1
628	1
629	1
630	1
631	1
632	1
633	1
634	1
635	1
636	0
637	1
638	1
639	0
640	0
641	1
642	0
643	0
644	0
645	0
646	0
647	0
648	1
649	0
650	0
651	1
652	1
653	0
654	1
655	0
656	0
657	1
658	0
659	0
660	1
661	0
662	0
663	0
664	1
665	0
666	0
667	0
668	0
669	1
670	0
671	0
672	0
673	0
674	1
675	1
676	1
677	1
678	0
679	1
680	0
681	0
682	0
683	1
684	1
685	0
686	1
687	1
688	0
689	0
690	0
691	1
692	0
693	1
694	1
695	0
696	0
697	1
698	1
699	1
700	0
701	0
702	0
703	1
704	1
705	1
706	1
707	1
708	1
709	0
710	0
711	0
712	1
713	1
714	1
715	0
716	0
717	1
718	0
719	0
720	0
721	0
722	0
723	1
724	1
725	1
726	1
727	0
728	1
729	0
730	0
731	1
732	0
733	1
734	0
735	1
736	0
737	1
738	1
739	1
740	1
741	1
742	0
743	0
744	0
745	0
746	1
747	1
748	0
749	1
750	0
751	0
752	1
753	1
754	1
755	0
756	1
757	1
758	0
759	0
760	1
761	1
762	1
763	0
764	1
765	0
766	0
767	1
768	0
769	0
770	1
771	1
772	1
773	0
774	1
775	1
776	1
777	0
778	1
779	0
780	1
781	1
782	0
783	0
784	0
785	0
786	1
787	0
788	0
789	0
790	1
791	1
792	1
793	0
794	0
795	0
796	0
797	1
798	0
799	1
800	0
801	1
802	0
803	1
804	1
805	1
806	0
807	0
808	1
809	1
810	1
811	1
812	1
813	0
814	1
815	0
816	0
817	0
818	1
819	1
820	0
821	1
822	0
823	0
824	1
825	1
826	0
827	1
828	1
829	0
830	1
831	1
832	0
833	1
834	1
835	0
836	1
837	0
838	0
839	0
840	0
841	0
842	0
843	0
844	1
845	0
846	0
847	0
848	1
849	1
850	0
851	0
852	0
853	0
854	0
855	0
856	0
857	1
858	1
859	0
860	1
861	0
862	1
863	1
864	0
865	1
866	0
867	0
868	1
869	0
870	1
871	0
872	1
873	1
874	0
875	1
876	0
877	1
878	1
879	0
880	0
881	0
882	0
883	0
884	1
885	1
886	1
887	0
888	0
889	1
890	1
891	0
892	0
893	0
894	1
895	0
896	1
897	0
898	0
899	1
900	0
901	0
902	0
903	0
904	1
905	0
906	1
907	1
908	1
909	1
910	1
911	0
912	1
913	0
914	0
915	1
916	1
917	1
918	1
919	1
920	0
921	1
922	0
923	1
924	0
925	1
926	1
927	0
928	1
929	1
930	0
931	0
932	1
933	1
934	0
935	1
936	1
937	0
938	1
939	0
940	1
941	0
942	1
943	0
944	1
945	1
946	0
947	1
948	0
949	1
950	0
951	0
952	0
953	1
954	0
955	1
956	0
957	1
958	1
959	1
960	1
961	0
962	0
963	0
964	0
965	1
966	1
967	0
968	1
969	1
970	0
971	0
972	1
973	0
974	1
975	1
976	1
977	1
978	0
979	1
980	1
981	1
982	0
983	0
984	1
985	0
986	0
987	1
988	1
989	0
990	0
991	1
992	0
993	1
994	1
995	0
996	1
997	0
998	1
999	0
1000	1
1001	0
1002	1
1003	1
1004	1
1005	0
1006	1
1007	1
1008	1
1009	0
1010	1
1011	1
1012	1
1013	1
1014	0
1015	0
1016	1
1017	1
1018	0
1019	0
1020	1
1021	1
1022	0
1023	0
1024	0
1025	1
1026	1
1027	0
1028	0
1029	0
1030	1
1031	0
1032	0
1033	1
1034	0
1035	0
1036	1
1037	1
1038	1
1039	0
1040	0
1041	1
1042	1
1043	1
1044	0
1045	1
1046	0
1047	0
1048	1
1049	0
1050	0
1051	0
1052	0
1053	1
1054	0
1055	1
1056	0
1057	0
1058	1
1059	1
1060	0
1061	1
1062	1
1063	1
1064	0
1065	0
1066	1
1067	1
1068	1
1069	0
1070	0
1071	0
1072	0
1073	0
1074	0
1075	0
1076	1
1077	0
1078	0
1079	1
1080	1
1081	0
1082	0
1083	1
1084	0
1085	0
1086	1
1087	0
1088	1
1089	0
1090	1
1091	0
1092	0
1093	0
1094	0
1095	1
1096	1
1097	1
1098	0
1099	1
1100	0
1101	0
1102	0
1103	0
1104	0
1105	1
1106	1
1107	0
1108	0
1109	1
1110	1
1111	0
1112	1
1113	0
1114	1
1115	0
1116	1
1117	0
1118	0
1119	1
1120	1
1121	0
1122	1
1123	0
1124	0
1125	1
1126	1
1127	0
1128	0
1129	1
1130	1
1131	1
1132	1
1133	0
1134	0
1135	0
1136	0
1137	0
1138	0
1139	1
1140	0
1141	1
1142	0
1143	0
1144	1
1145	1
1146	0
1147	0
1148	1
1149	1
1150	1
1151	1
1152	0
1153	0
1154	0
1155	1
1156	1
1157	0
1158	1
1159	0
1160	1
1161	1
1162	1
1163	0
1164	1
1165	0
1166	0
1167	1
1168	0
1169	1
1170	1
1171	1
1172	0
1173	1
1174	1
1175	0
1176	1
1177	1
1178	0
1179	1
1180	1
1181	1
1182	0
1183	1
1184	0
1185	1
1186	1
1187	0
1188	0
1189	0
1190	1
1191	1
1192	0
1193	1
1194	0
1195	1
1196	0
1197	0
1198	0
1199	0
1200	0
1201	0
1202	0
1203	0
1204	0
1205	1
1206	0
1207	0
1208	0
1209	0
1210	0
1211	1
1212	0
1213	0
1214	0
1215	1
1216	1
1217	1
1218	1
1219	1
1220	1
1221	0
1222	0
1223	1
1224	0
1225	1
1226	0
1227	1
1228	0
1229	1
1230	1
1231	0
1232	1
1233	1
1234	0
1235	0
1236	1
1237	0
1238	0
1239	0
1240	0
1241	0
1242	1
1243	1
1244	1
1245	1
1246	0
1247	0
1248	0
1249	0
1250	0
1251	0
1252	1
1253	1
1254	1
1255	1
1256	0
1257	0
1258	0
1259	0
1260	1
1261	0
1262	1
1263	0
1264	0
1265	0
1266	1
1267	1
1268	0
1269	0
1270	0
1271	0
1272	0
1273	1
1274	1
1275	1
1276	1
1277	0
1278	1
1279	1
1280	0
1281	0
1282	1
1283	0
1284	1
1285	0
1286	1
1287	1
1288	1
1289	1
1290	0
1291	1
1292	1
1293	0
1294	1
1295	0
1296	0
1297	1
1298	1
1299	0
1300	0
1301	0
1302	1
1303	0
1304	0
1305	0
1306	1
1307	1
1308	0
1309	0
1310	1
1311	0
1312	0
1313	1
1314	1
1315	1
1316	1
1317	0
1318	0
1319	1
1320	1
1321	0
1322	0
1323	0
1324	1
1325	1
1326	0
1327	0
1328	1
1329	1
1330	0
1331	0
1332	0
1333	0
1334	1
1335	1
1336	1
1337	0
1338	1
1339	1
1340	0
1341	1
1342	1
1343	1
1344	1
1345	1
1346	1
1347	0
1348	1
1349	0
1350	0
1351	1
1352	0
1353	1
1354	1
1355	0
1356	1
1357	0
1358	0
1359	1
1360	1
1361	0
1362	0
1363	0
1364	1
1365	1
1366	1
1367	1
1368	0
1369	1
1370	1
1371	1
1372	1
1373	1
1374	0
1375	1
1376	0
1377	1
1378	1
1379	0
1380	0
1381	0
1382	1
1383	1
1384	1
1385	0
1386	1
1387	0
1388	1
1389	0
1390	1
1391	0
1392	0
1393	1
1394	1
1395	1
1396	1
1397	0
1398	1
1399	0
1400	1
1401	1
1402	0
1403	0
1404	0
1405	0
1406	1
1407	0
1408	1
1409	1
1410	1
1411	1
1412	0
1413	1
1414	1
1415	1
1416	0
1417	1
1418	1
1419	0
1420	1
1421	1
1422	1
1423	0
1424	0
1425	1
1426	1
1427	1
1428	0
1429	0
1430	0
1431	1
1432	0
1433	0
1434	1
1435	0
1436	1
1437	0
1438	0
1439	0
1440	0
1441	0
1442	0
1443	1
1444	0
1445	0
1446	0
1447	1
1448	1
1449	0
1450	0
1451	0
1452	1
1453	0
1454	0
1455	1
1456	0
1457	1
1458	0
1459	1
1460	1
1461	1
1462	0
1463	0
1464	1
1465	1
1466	1
1467	0
1468	0
1469	1
1470	0
1471	1
1472	0
1473	0
1474	1
1475	1
1476	0
1477	0
1478	1
1479	1
1480	0
1481	0
1482	1
1483	1
1484	1
1485	1
1486	0
1487	0
1488	0
1489	0
1490	0
1491	1
1492	1
1493	0
1494	1
1495	1
1496	1
1497	0
1498	0
1499	0
1500	1
1501	0
1502	0
1503	0
1504	1
1505	1
1506	1
1507	1
1508	1
1509	1
1510	1
1511	1
1512	0
1513	1
1514	0
1515	1
1516	0
1517	1
1518	1
1519	0
1520	1
1521	1
1522	1
1523	0
1524	0
1525	0
1526	1
1527	0
1528	0
1529	0
1530	1
1531	1
1532	1
1533	0
1534	0
1535	1
1536	0
1537	0
1538	0
1539	0
1540	1
1541	0
1542	0
1543	0
1544	1
1545	0
1546	1
1547	1
1548	1
1549	0
1550	0
1551	0
1552	0
1553	1
1554	1
1555	1
1556	1
1557	1
1558	1
1559	0
1560	1
1561	0
1562	1
1563	1
1564	1
1565	0
1566	1
1567	0
1568	0
1569	1
1570	0
1571	1
1572	1
1573	0
1574	1
1575	1
1576	0
1577	1
1578	0
1579	1
1580	0
1581	0
1582	1
1583	1
1584	0
1585	0
1586	1
1587	0
1588	1
1589	0
1590	1
1591	1
1592	0
1593	0
1594	1
1595	1
1596	0
1597	0
1598	0
1599	0
1600	1
1601	0
1602	1
1603	1
1604	0
1605	1
1606	1
1607	1
1608	0
1609	0
1610	0
1611	0
1612	1
1613	0
1614	1
1615	0
1616	1
1617	1
1618	0
1619	1
1620	1
1621	0
1622	1
1623	0
1624	0
1625	0
1626	1
1627	0
1628	0
1629	1
1630	1
1631	0
1632	0
1633	0
1634	0
1635	1
1636	1
1637	0
1638	0
1639	1
1640	1
1641	1
1642	1
1643	0
1644	0
1645	0
1646	1
1647	0
1648	1
1649	0
1650	0
1651	1
1652	0
1653	0
1654	0
1655	0
1656	0
1657	1
1658	1
1659	0
1660	0
1661	0
1662	1
1663	0
1664	1
1665	0
1666	1
1667	0
1668	0
1669	0
1670	0
1671	1
1672	1
1673	0
1674	1
1675	0
1676	0
1677	0
1678	0
1679	0
1680	1
1681	1
1682	0
1683	0
1684	1
1685	1
1686	0
1687	0
1688	0
1689	1
1690	0
1691	0
1692	1
1693	0
1694	1
1695	0
1696	1
1697	1
1698	0
1699	1
1700	0
1701	0
1702	1
1703	1
1704	1
1705	1
1706	0
1707	1
1708	0
1709	0
1710	0
1711	1
1712	1
1713	1
1714	1
1715	1
1716	1
1717	0
1718	0
1719	0
1720	0
1721	0
1722	0
1723	0
1724	0
1725	0
1726	1
1727	0
1728	0
1729	1
1730	1
1731	1
1732	0
1733	0
1734	0
1735	1
1736	1
1737	1
1738	0
1739	0
1740	1
1741	0
1742	1
1743	1
1744	0
1745	0
1746	0
1747	0
1748	1
1749	0
1750	0
1751	0
1752	1
1753	1
1754	1
1755	0
1756	1
1757	0
1758	0
1759	1
1760	0
1761	0
1762	1
1763	1
1764	0
1765	0
1766	1
1767	0
1768	0
1769	0
1770	1
1771	0
1772	1
1773	0
1774	0
1775	0
1776	0
1777	0
1778	1
1779	1
1780	0
1781	1
1782	0
1783	0
1784	0
1785	1
1786	1
1787	1
1788	0
1789	1
1790	1
1791	0
1792	1
1793	1
1794	0
1795	1
1796	1
1797	1
1798	1
1799	0
1800	1
1801	0
1802	0
1803	0
1804	0
1805	0
1806	0
1807	1
1808	0
1809	0
1810	1
1811	0
1812	1
1813	0
1814	0
1815	0
1816	1
1817	1
1818	0
1819	0
1820	0
1821	0
1822	1
1823	0
1824	0
1825	0
1826	0
1827	1
1828	0
1829	1
1830	1
1831	0
1832	0
1833	0
1834	1
1835	1
1836	0
1837	1
1838	1
1839	0
1840	1
1841	0
1842	1
1843	0
1844	0
1845	1
1846	0
1847	1
1848	1
1849	1
1850	0
1851	1
1852	0
1853	0
1854	0
1855	1
1856	0
1857	1
1858	0
1859	1
1860	1
1861	1
1862	0
1863	0
1864	0
1865	0
1866	1
1867	0
1868	0
1869	1
1870	1
1871	1
1872	1
1873	1
1874	0
1875	0
1876	1
1877	1
1878	0
1879	1
1880	1
1881	0
1882	1
1883	1
1884	0
1885	1
1886	0
1887	0
1888	1
1889	0
1890	1
1891	0
1892	0
1893	0
1894	1
1895	1
1896	0
1897	0
1898	1
1899	1
1900	1
1901	1
1902	0
1903	1
1904	0
1905	0
1906	1
1907	0
1908	1
1909	0
1910	0
1911	1
1912	1
1913	0
1914	0
1915	0
1916	1
1917	1
1918	0
1919	1
1920	0
1921	0
1922	1
1923	1
1924	1
1925	0
1926	0
1927	1
1928	1
1929	1
1930	1
1931	1
1932	1
1933	0
1934	1
1935	1
1936	0
1937	0
1938	0
1939	1
1940	0
1941	0
1942	1
1943	1
1944	1
1945	1
1946	1
1947	1
1948	1
1949	1
1950	0
1951	0
1952	1
1953	1
1954	1
1955	1
1956	1
1957	0
1958	1
1959	1
1960	0
1961	0
1962	0
1963	1
1964	0
1965	1
1966	0
1967	1
1968	1
1969	1
1970	1
1971	0
1972	1
1973	1
1974	0
1975	1
1976	0
1977	0
1978	1
1979	1
1980	1
1981	1
1982	1
1983	1
1984	1
1985	1
1986	1
1987	0
1988	1
1989	1
1990	1
1991	1
1992	1
1993	1
1994	0
1995	0
1996	1
1997	1
1998	1
1999	1
2000	1
2001	0
2002	0
2003	1
2004	1
2005	1
2006	1
2007	1
2008	0
2009	1
2010	0
2011	0
2012	1
2013	1
2014	0
2015	1
2016	0
2017	0
2018	1
2019	0
2020	0
2021	1
2022	1
2023	1
2024	1
2025	0
2026	1
2027	0
2028	1
2029	1
2030	1
2031	0
2032	1
2033	0
2034	1
2035	0
2036	1
2037	1
2038	0
2039	1
2040	1
2041	1
2042	1
2043	1
2044	0
2045	0
2046	1
2047	0
2048	0
2049	0
2050	1
2051	0
2052	0
2053	0
2054	0
2055	0
2056	1
2057	1
2058	0
2059	1
2060	1
2061	0
2062	0
2063	1
2064	1
2065	1
2066	1
2067	0
2068	0
2069	0
2070	1
2071	1
2072	0
2073	1
2074	0
2075	0
2076	1
2077	0
2078	1
2079	0
2080	1
2081	0
2082	1
2083	0
2084	1
2085	1
2086	1
2087	0
2088	1
2089	1
2090	1
2091	0
2092	1
2093	0
2094	1
2095	1
2096	0
2097	1
2098	0
2099	0
2100	1
2101	1
2102	0
2103	1
2104	1
2105	1
2106	0
2107	1
2108	1
2109	1
2110	1
2111	1
2112	0
2113	0
2114	0
2115	1
2116	0
2117	1
2118	1
2119	1
2120	1
2121	0
2122	1
2123	1
2124	1
2125	1
2126	1
2127	1
2128	1
2129	1
2130	1
2131	0
2132	0
2133	1
2134	0
2135	1
2136	1
2137	0
2138	1
2139	0
2140	0
2141	0
2142	0
2143	1
2144	0
2145	0
2146	0
2147	0
2148	0
2149	1
2150	0
2151	0
2152	1
2153	0
2154	1
2155	1
2156	1
2157	0
2158	0
2159	1
2160	0
2161	1
2162	0
2163	0
2164	1
2165	0
2166	0
2167	1
2168	1
2169	1
2170	1
2171	0
2172	0
2173	0
2174	1
2175	1
2176	0
2177	0
2178	0
2179	1
2180	1
2181	1
2182	1
2183	1
2184	0
2185	1
2186	1
2187	1
2188	0
2189	0
2190	1
2191	1
2192	0
2193	1
2194	0
2195	1
2196	1
2197	1
2198	1
2199	0
2200	0
2201	0
2202	0
2203	0
2204	1
2205	1
2206	1
2207	1
2208	0
2209	1
2210	1
2211	0
2212	0
2213	1
2214	1
2215	0
2216	0
2217	1
2218	1
2219	0
2220	0
2221	1
2222	0
2223	0
2224	1
2225	0
2226	1
2227	0
2228	1
2229	0
2230	0
2231	1
2232	1
2233	1
2234	0
2235	1
2236	1
2237	1
2238	1
2239	1
2240	1
2241	1
2242	0
2243	0
2244	1
2245	1
2246	0
2247	1
2248	1
2249	1
2250	0
2251	1
2252	1
2253	0
2254	0
2255	1
2256	0
2257	0
2258	0
2259	0
2260	0
2261	0
2262	0
2263	1
2264	1
2265	1
2266	0
2267	0
2268	1
2269	0
2270	1
2271	1
2272	1
2273	0
2274	0
2275	0
2276	0
2277	0
2278	1
2279	1
2280	1
2281	1
2282	0
2283	1
2284	0
2285	1
2286	1
2287	1
2288	0
2289	0
2290	1
2291	0
2292	0
2293	0
2294	0
2295	1
2296	0
2297	0
2298	1
2299	1
2300	0
2301	0
2302	0
2303	1
2304	0
2305	1
2306	1
2307	0
2308	1
2309	0
2310	1
2311	1
2312	0
2313	1
2314	1
2315	1
2316	0
2317	0
2318	1
2319	0
2320	0
2321	0
2322	0
2323	0
2324	1
2325	1
2326	1
2327	1
2328	1
2329	0
2330	0
2331	0
2332	1
2333	1
2334	0
2335	0
2336	0
2337	0
2338	0
2339	0
2340	1
2341	0
2342	0
2343	0
2344	0
2345	0
2346	1
2347	0
2348	0
2349	0
2350	1
2351	1
2352	0
2353	1
2354	0
2355	0
2356	0
2357	1
2358	0
2359	1
2360	1
2361	0
2362	1
2363	0
2364	1
2365	0
2366	0
2367	0
2368	0
2369	1
2370	0
2371	0
2372	1
2373	1
2374	0
2375	0
2376	0
2377	0
2378	0
2379	0
2380	1
2381	0
2382	0
2383	0
2384	1
2385	0
2386	1
2387	1
2388	0
2389	0
2390	0
2391	1
2392	1
2393	1
2394	1
2395	1
2396	0
2397	0
2398	0
2399	1
2400	1
2401	1
2402	1
2403	1
2404	0
2405	1
2406	1
2407	1
2408	0
2409	1
2410	1
2411	0
2412	0
2413	0
2414	1
2415	0
2416	1
2417	1
2418	0
2419	0
2420	0
2421	0
2422	0
2423	0
2424	0
2425	0
2426	0
2427	0
2428	1
2429	1
2430	1
2431	0
2432	1
2433	1
2434	0
2435	1
2436	0
2437	0
2438	1
2439	1
2440	0
2441	1
2442	1
2443	1
2444	0
2445	0
2446	0
2447	0
2448	1
2449	0
2450	0
2451	0
2452	1
2453	0
2454	1
2455	0
2456	0
2457	1
2458	0
2459	0
2460	0
2461	0
2462	0
2463	0
2464	0
2465	0
2466	1
2467	1
2468	0
2469	0
2470	0
2471	1
2472	0
2473	0
2474	1
2475	1
2476	1
2477	1
2478	0
2479	1
2480	0
2481	1
2482	0
2483	1
2484	1
2485	1
2486	1
2487	0
2488	0
2489	0
2490	0
2491	1
2492	1
2493	0
2494	1
2495	0
2496	0
2497	0
2498	1
2499	1
2500	0
2501	0
2502	1
2503	1
2504	0
2505	1
2506	1
2507	1
2508	0
2509	0
2510	1
2511	0
2512	0
2513	0
2514	0
2515	0
2516	1
2517	0
2518	0
2519	0
2520	1
2521	0
2522	0
2523	1
2524	1
2525	0
2526	1
2527	0
2528	1
2529	0
2530	0
2531	0
2532	1
2533	0
2534	1
2535	0
2536	1
2537	0
2538	0
2539	0
2540	0
2541	1
2542	0
2543	1
2544	1
2545	0
2546	1
2547	0
2548	1
2549	0
2550	1
2551	0
2552	0
2553	0
2554	1
2555	1
2556	1
2557	0
2558	0
2559	0
2560	0
2561	0
2562	1
2563	1
2564	1
2565	1
2566	0
2567	0
2568	0
2569	0
2570	1
2571	1
2572	0
2573	0
2574	1
2575	1
2576	0
2577	1
2578	0
2579	1
2580	1
2581	0
2582	1
2583	1
2584	1
2585	0
2586	0
2587	1
2588	0
2589	1
2590	1
2591	1
2592	1
2593	1
2594	1
2595	0
2596	0
2597	0
2598	1
2599	0
2600	1
2601	1
2602	0
2603	1
2604	0
2605	1
2606	0
2607	0
2608	1
2609	1
2610	1
2611	0
2612	0
2613	0
2614	1
2615	1
2616	0
2617	0
2618	0
2619	1
2620	1
2621	0
2622	1
2623	0
2624	1
2625	0
2626	1
2627	0
2628	1
2629	1
2630	1
2631	1
2632	1
2633	1
2634	1
2635	1
2636	0
2637	0
2638	0
2639	1
2640	1
2641	1
2642	0
2643	1
2644	1
2645	0
2646	0
2647	1
2648	0
2649	0
2650	1
2651	0
2652	1
2653	1
2654	0
2655	1
2656	1
2657	1
2658	0
2659	0
2660	0
2661	1
2662	1
2663	0
2664	0
2665	1
2666	1
2667	0
2668	1
2669	0
2670	0
2671	1
2672	0
2673	1
2674	0
2675	0
2676	0
2677	0
2678	0
2679	1
2680	1
2681	0
2682	1
2683	1
2684	0
2685	0
2686	1
2687	0
2688	1
2689	1
2690	1
2691	1
2692	0
2693	1
2694	1
2695	0
2696	1
2697	1
2698	1
2699	0
2700	0
2701	0
2702	0
2703	0
2704	0
2705	1
2706	0
2707	1
2708	1
2709	1
2710	0
2711	1
2712	0
2713	0
2714	1
2715	1
2716	0
2717	0
2718	1
2719	1
2720	0
2721	0
2722	1
2723	0
2724	1
2725	1
2726	1
2727	1
2728	0
2729	0
2730	0
2731	0
2732	0
2733	1
2734	0
2735	1
2736	1
2737	1
2738	0
2739	0
2740	1
2741	0
2742	1
2743	1
2744	0
2745	0
2746	1
2747	0
2748	0
2749	0
2750	1
2751	1
2752	0
2753	0
2754	1
2755	1
2756	0
2757	0
2758	1
2759	0
2760	0
2761	0
2762	1
2763	0
2764	0
2765	1
2766	0
2767	1
2768	1
2769	0
2770	0
2771	1
2772	1
2773	0
2774	1
2775	0
2776	0
2777	1
2778	0
2779	0
2780	0
2781	1
2782	0
2783	0
2784	0
2785	1
2786	0
2787	0
2788	1
2789	1
2790	0
2791	1
2792	1
2793	0
2794	1
2795	0
2796	0
2797	0
2798	0
2799	1
2800	1
2801	0
2802	0
2803	1
2804	0
2805	1
2806	0
2807	1
2808	0
2809	0
2810	1
2811	1
2812	0
2813	0
2814	1
2815	1
2816	0
2817	1
2818	0
2819	1
2820	1
2821	1
2822	0
2823	0
2824	1
2825	1
2826	0
2827	0
2828	0
2829	0
2830	1
2831	0
2832	1
2833	1
2834	0
2835	0
2836	0
2837	1
2838	1
2839	0
2840	0
2841	0
2842	0
2843	1
2844	0
2845	1
2846	0
2847	1
2848	0
2849	0
2850	1
2851	1
2852	0
2853	1
2854	1
2855	1
2856	1
2857	1
2858	0
2859	1
2860	0
2861	0
2862	0
2863	1
2864	1
2865	0
2866	1
2867	0
2868	1
2869	1
2870	0
2871	1
2872	0
2873	0
2874	1
2875	1
2876	1
2877	0
2878	0
2879	1
2880	1
2881	1
2882	0
2883	0
2884	1
2885	0
2886	1
2887	0
2888	0
2889	1
2890	1
2891	0
2892	0
2893	1
2894	0
2895	0
2896	0
2897	0
2898	0
2899	1
2900	0
2901	1
2902	0
2903	1
2904	1
2905	0
2906	0
2907	0
2908	0
2909	1
2910	1
2911	1
2912	1
2913	0
2914	0
2915	0
2916	0
2917	0
2918	0
2919	1
2920	1
2921	1
2922	0
2923	1
2924	1
2925	0
2926	0
2927	1
2928	1
2929	0
2930	0
2931	0
2932	0
2933	1
2934	0
2935	1
2936	0
2937	1
2938	0
2939	1
2940	1
2941	0
2942	1
2943	1
2944	1
2945	1
2946	1
2947	1
2948	0
2949	0
2950	1
2951	0
2952	0
2953	1
2954	1
2955	1
2956	1
2957	0
2958	1
2959	1
2960	1
2961	0
2962	1
2963	0
2964	1
2965	0
2966	1
2967	1
2968	0
2969	0
2970	0
2971	1
2972	0
2973	0
2974	0
2975	0
2976	1
2977	0
2978	1
2979	1
2980	1
2981	1
2982	0
2983	0
2984	0
2985	1
2986	1
2987	1
2988	1
2989	0
2990	1
2991	0
2992	1
2993	1
2994	1
2995	1
2996	1
2997	0
2998	0
2999	1
3000	1
3001	1
3002	1
3003	0
3004	1
3005	1
3006	0
3007	0
3008	0
3009	0
3010	0
3011	0
3012	1
3013	1
3014	1
3015	0
3016	1
3017	0
3018	0
3019	0
3020	1
3021	0
3022	1
3023	0
3024	0
3025	0
3026	0
3027	0
3028	0
3029	0
3030	0
3031	0
3032	1
3033	1
3034	1
3035	0
3036	1
3037	1
3038	0
3039	0
3040	0
3041	1
3042	0
3043	0
3044	1
3045	0
3046	1
3047	1
3048	1
3049	0
3050	0
3051	0
3052	1
3053	0
3054	0
3055	1
3056	0
3057	1
3058	0
3059	0
3060	1
3061	1
3062	0
3063	1
3064	1
3065	1
3066	1
3067	0
3068	0
3069	1
3070	0
3071	0
3072	0
3073	0
3074	0
3075	0
3076	1
3077	0
3078	0
3079	0
3080	0
3081	0
3082	1
3083	0
3084	0
3085	1
3086	0
3087	0
3088	0
3089	1
3090	1
3091	0
3092	1
3093	1
3094	1
3095	0
3096	1
3097	0
3098	0
3099	0
3100	1
3101	0
3102	0
3103	1
3104	0
3105	0
3106	1
3107	0
3108	0
3109	0
3110	1
3111	1
3112	0
3113	1
3114	0
3115	0
3116	1
3117	0
3118	1
3119	1
3120	1
3121	1
3122	1
3123	1
3124	1
3125	0
3126	0
3127	0
3128	1
3129	1
3130	0
3131	0
3132	0
3133	0
3134	0
3135	0
3136	0
3137	0
3138	1
3139	0
3140	0
3141	0
3142	1
3143	0
3144	0
3145	0
3146	0
3147	0
3148	1
3149	1
3150	1
3151	0
3152	0
3153	1
3154	1
3155	1
3156	1
3157	0
3158	1
3159	1
3160	1
3161	0
3162	0
3163	0
3164	0
3165	1
3166	1
3167	0
3168	1
3169	1
3170	1
3171	1
3172	1
3173	1
3174	0
3175	1
3176	1
3177	0
3178	0
3179	0
3180	0
3181	1
3182	1
3183	0
3184	1
3185	0
3186	0
3187	0
3188	1
3189	0
3190	1
3191	1
3192	1
3193	0
3194	0
3195	0
3196	1
3197	0
3198	1
3199	0
3200	0
3201	0
3202	1
3203	1
3204	0
3205	1
3206	1
3207	0
3208	1
3209	1
3210	0
3211	0
3212	0
3213	1
3214	1
3215	0
3216	0
3217	1
3218	0
3219	1
3220	1
3221	0
3222	0
3223	0
3224	1
3225	1
3226	1
3227	0
3228	0
3229	0
3230	0
3231	0
3232	0
3233	1
3234	0
3235	1
3236	1
3237	0
3238	1
3239	0
3240	1
3241	1
3242	0
3243	0
3244	1
3245	0
3246	0
3247	1
3248	1
3249	0
3250	0
3251	0
3252	1
3253	1
3254	1
3255	1
3256	0
3257	1
3258	1
3259	1
3260	0
3261	1
3262	1
3263	0
3264	0
3265	0
3266	0
3267	1
3268	0
3269	0
3270	1
3271	1
3272	1
3273	0
3274	0
3275	0
3276	1
3277	0
3278	0
3279	0
3280	0
3281	0
3282	1
3283	0
3284	0
3285	0
3286	1
3287	1
3288	0
3289	1
3290	1
3291	0
3292	0
3293	0
3294	0
3295	1
3296	0
3297	0
3298	1
3299	1
3300	1
3301	0
3302	0
3303	1
3304	1
3305	0
3306	1
3307	1
3308	0
3309	1
3310	1
3311	0
3312	1
3313	0
3314	0
3315	1
3316	1
3317	0
3318	1
3319	0
3320	0
3321	1
3322	0
3323	0
3324	0
3325	1
3326	1
3327	0
3328	0
3329	1
3330	1
3331	1
3332	1
3333	0
3334	1
3335	0
3336	0
3337	0
3338	1
3339	0
3340	1
3341	0
3342	0
3343	1
3344	0
3345	0
3346	1
3347	0
3348	1
3349	1
3350	0
3351	0
3352	0
3353	1
3354	0
3355	0
3356	1
3357	0
3358	0
3359	0
3360	1
3361	1
3362	1
3363	1
3364	1
3365	1
3366	1
3367	1
3368	0
3369	0
3370	0
3371	0
3372	1
3373	0
3374	0
3375	1
3376	0
3377	0
3378	0
3379	0
3380	1
3381	1
3382	1
3383	0
3384	0
3385	0
3386	0
3387	1
3388	1
3389	1
3390	1
3391	1
3392	1
3393	1
3394	1
3395	0
3396	1
3397	1
3398	1
3399	0
3400	1
3401	1
3402	1
3403	1
3404	0
3405	0
3406	1
3407	0
3408	1
3409	0
3410	0
3411	1
3412	0
3413	0
3414	1
3415	1
3416	1
3417	0
3418	0
3419	1
3420	0
3421	0
3422	1
3423	1
3424	1
3425	0
3426	1
3427	1
3428	0
3429	0
3430	0
3431	1
3432	0
3433	0
3434	1
3435	1
3436	0
3437	0
3438	0
3439	0
3440	1
3441	1
3442	1
3443	1
3444	1
3445	1
3446	0
3447	1
3448	1
3449	0
3450	0
3451	0
3452	0
3453	1
3454	1
3455	1
3456	1
3457	0
3458	0
3459	1
3460	0
3461	1
3462	1
3463	0
3464	0
3465	0
3466	1
3467	0
3468	1
3469	1
3470	1
3471	0
3472	1
3473	0
3474	1
3475	0
3476	0
3477	1
3478	1
3479	1
3480	1
3481	1
3482	0
3483	0
3484	1
3485	1
3486	1
3487	0
3488	0
3489	1
3490	1
3491	0
3492	0
3493	1
3494	1
3495	0
3496	0
3497	0
3498	0
3499	1
3500	1
3501	0
3502	1
3503	1
3504	1
3505	0
3506	1
3507	1
3508	1
3509	1
3510	1
3511	1
3512	1
3513	0
3514	0
3515	0
3516	0
3517	0
3518	0
3519	0
3520	0
3521	1
3522	0
3523	1
3524	1
3525	0
3526	1
3527	0
3528	1
3529	0
3530	0
3531	0
3532	0
3533	1
3534	0
3535	0
3536	0
3537	1
3538	1
3539	0
3540	1
3541	0
3542	1
3543	1
3544	0
3545	1
3546	0
3547	1
3548	0
3549	1
3550	0
3551	1
3552	1
3553	0
3554	0
3555	0
3556	1
3557	1
3558	1
3559	0
3560	0
3561	1
3562	1
3563	0
3564	1
3565	0
3566	1
3567	0
3568	1
3569	1
3570	0
3571	0
3572	1
3573	1
3574	1
3575	0
3576	0
3577	0
3578	1
3579	0
3580	1
3581	0
3582	0
3583	1
3584	0
3585	0
3586	1
3587	0
3588	1
3589	0
3590	0
3591	0
3592	0
3593	1
3594	1
3595	0
3596	0
3597	1
3598	1
3599	1
3600	0
3601	0
3602	1
3603	0
3604	0
3605	1
3606	1
3607	0
3608	1
3609	0
3610	1
3611	0
3612	0
3613	0
3614	1
3615	1
3616	0
3617	1
3618	0
3619	0
3620	1
3621	0
3622	0
3623	0
3624	1
3625	0
3626	0
3627	0
3628	1
3629	1
3630	0
3631	1
3632	1
3633	1
3634	0
3635	0
3636	1
3637	1
3638	1
3639	0
3640	0
3641	0
3642	1
3643	1
3644	1
3645	1
3646	0
3647	1
3648	0
3649	1
3650	1
3651	0
3652	0
3653	1
3654	1
3655	0
3656	0
3657	0
3658	1
3659	1
3660	1
3661	0
3662	1
3663	1
3664	0
3665	0
3666	1
3667	1
3668	1
3669	1
3670	0
3671	1
3672	1
3673	0
3674	0
3675	1
3676	0
3677	1
3678	1
3679	1
3680	0
3681	1
3682	1
3683	1
3684	1
3685	1
3686	1
3687	0
3688	0
3689	0
3690	0
3691	1
3692	1
3693	0
3694	1
3695	1
3696	0
3697	0
3698	1
3699	1
3700	0
3701	1
3702	0
3703	0
3704	0
3705	1
3706	0
3707	0
3708	1
3709	1
3710	1
3711	0
3712	1
3713	1
3714	1
3715	0
3716	1
3717	0
3718	0
3719	0
3720	1
3721	1
3722	0
3723	0
3724	0
3725	1
3726	1
3727	1
3728	1
3729	0
3730	0
3731	0
3732	1
3733	0
3734	0
3735	0
3736	1
3737	1
3738	0
3739	1
3740	1
3741	0
3742	0
3743	1
3744	0
3745	0
3746	1
3747	0
3748	0
3749	1
3750	1
3751	1
3752	0
3753	1
3754	0
3755	1
3756	1
3757	1
3758	1
3759	0
3760	1
3761	0
3762	0
3763	0
3764	0
3765	0
3766	0
3767	1
3768	1
3769	1
3770	1
3771	1
3772	0
3773	0
3774	0
3775	0
3776	1
3777	0
3778	0
3779	0
3780	1
3781	1
3782	1
3783	0
3784	0
3785	1
3786	0
3787	1
3788	1
3789	1
3790	1
3791	0
3792	0
3793	1
3794	1
3795	1
3796	0
3797	1
3798	1
3799	0
3800	1
3801	0
3802	1
3803	1
3804	0
3805	1
3806	1
3807	1
3808	0
3809	1
3810	1
3811	0
3812	1
3813	0
3814	1
3815	1
3816	1
3817	0
3818	1
3819	0
3820	1
3821	0
3822	0
3823	0
3824	0
3825	1
3826	1
3827	0
3828	1
3829	1
3830	0
3831	1
3832	0
3833	1
3834	1
3835	1
3836	1
3837	1
3838	0
3839	0
3840	0
3841	1
3842	1
3843	0
3844	1
3845	1
3846	0
3847	1
3848	1
3849	1
3850	1
3851	1
3852	1
3853	0
3854	0
3855	1
3856	1
3857	1
3858	1
3859	1
3860	0
3861	0
3862	1
3863	1
3864	0
3865	0
3866	1
3867	1
3868	0
3869	0
3870	1
3871	1
3872	1
3873	0
3874	1
3875	0
3876	0
3877	0
3878	1
3879	0
3880	0
3881	0
3882	1
3883	1
3884	0
3885	1
3886	1
3887	1
3888	0
3889	0
3890	1
3891	1
3892	0
3893	1
3894	0
3895	1
3896	1
3897	1
3898	1
3899	1
3900	1
3901	1
3902	0
3903	1
3904	1
3905	1
3906	1
3907	1
3908	1
3909	0
3910	0
3911	0
3912	1
3913	0
3914	0
3915	1
3916	0
3917	0
3918	0
3919	1
3920	0
3921	0
3922	1
3923	0
3924	1
3925	1
3926	1
3927	0
3928	0
3929	1
3930	1
3931	0
3932	1
3933	0
3934	0
3935	1
3936	1
3937	0
3938	1
3939	1
3940	0
3941	0
3942	1
3943	0
3944	0
3945	0
3946	1
3947	0
3948	1
3949	0
3950	0
3951	0
3952	1
3953	0
3954	0
3955	0
3956	0
3957	0
3958	0
3959	0
3960	0
3961	0
3962	1
3963	0
3964	0
3965	1
3966	1
3967	0
3968	1
3969	1
3970	1
3971	0
3972	1
3973	0
3974	1
3975	1
3976	1
3977	0
3978	1
3979	1
3980	0
3981	1
3982	0
3983	1
3984	0
3985	0
3986	1
3987	1
3988	1
3989	0
3990	1
3991	1
3992	0
3993	1
3994	1
3995	1
3996	0
3997	1
3998	1
3999	0
4000	1
4001	0
4002	1
4003	0
4004	0
4005	0
4006	1
4007	1
4008	1
4009	0
4010	1
4011	0
4012	0
4013	1
4014	1
4015	1
4016	1
4017	0
4018	1
4019	0
4020	0
4021	0
4022	1
4023	1
4024	0
4025	0
4026	1
4027	0
4028	0
4029	1
4030	0
4031	0
4032	0
4033	1
4034	1
4035	0
4036	0
4037	1
4038	0
4039	1
4040	0
4041	1
4042	1
4043	0
4044	0
4045	1
4046	1
4047	1
4048	0
4049	1
4050	0
4051	1
4052	0
4053	0
4054	1
4055	0
4056	0
4057	0
4058	0
4059	1
4060	0
4061	0
4062	1
4063	1
4064	1
4065	1
4066	1
4067	1
4068	0
4069	0
4070	1
4071	0
4072	0
4073	1
4074	1
4075	0
4076	0
4077	1
4078	0
4079	0
4080	1
4081	1
4082	1
4083	0
4084	0
4085	0
4086	1
4087	0
4088	0
4089	0
4090	1
4091	0
4092	0
4093	0
4094	1
4095	0
4096	0
4097	1
4098	0
4099	1
4100	1
4101	1
4102	1
4103	0
4104	0
4105	1
4106	0
4107	0
4108	1
4109	0
4110	1
4111	1
4112	0
4113	0
4114	0
4115	1
4116	0
4117	0
4118	0
4119	0
4120	1
4121	1
4122	0
4123	0
4124	1
4125	0
4126	0
4127	1
4128	0
4129	1
4130	0
4131	1
4132	0
4133	0
4134	1
4135	0
4136	0
4137	1
4138	1
4139	0
4140	1
4141	0
4142	0
4143	1
4144	1
4145	0
4146	1
4147	1
4148	0
4149	0
4150	0
4151	0
4152	1
4153	0
4154	1
4155	0
4156	0
4157	0
4158	0
4159	1
4160	0
4161	0
4162	0
4163	0
4164	0
4165	1
4166	1
4167	1
4168	0
4169	1
4170	0
4171	1
4172	0
4173	1
4174	1
4175	1
4176	1
4177	1
4178	1
4179	1
4180	0
4181	1
4182	1
4183	0
4184	0
4185	1
4186	0
4187	0
4188	0
4189	0
4190	1
4191	1
4192	0
4193	1
4194	1
4195	0
4196	0
4197	0
4198	0
4199	0
4200	1
4201	1
4202	0
4203	1
4204	0
4205	1
4206	1
4207	1
4208	1
4209	1
4210	0
4211	0
4212	1
4213	0
4214	0
4215	0
4216	0
4217	0
4218	1
4219	1
4220	0
4221	1
4222	1
4223	1
4224	1
4225	1
4226	1
4227	1
4228	1
4229	0
4230	1
4231	1
4232	1
4233	0
4234	1
4235	0
4236	0
4237	0
4238	0
4239	0
4240	0
4241	0
4242	0
4243	1
4244	1
4245	0
4246	1
4247	0
4248	1
4249	1
4250	1
4251	0
4252	0
4253	0
4254	1
4255	0
4256	0
4257	1
4258	0
4259	1
4260	0
4261	1
4262	1
4263	1
4264	0
4265	1
4266	0
4267	0
4268	1
4269	1
4270	0
4271	1
4272	1
4273	0
4274	1
4275	0
4276	1
4277	0
4278	0
4279	1
4280	1
4281	1
4282	1
4283	1
4284	0
4285	1
4286	0
4287	0
4288	1
4289	1
4290	1
4291	1
4292	0
4293	1
4294	1
4295	0
4296	1
4297	1
4298	0
4299	1
4300	1
4301	1
4302	0
4303	1
4304	0
4305	0
4306	1
4307	1
4308	0
4309	0
4310	1
4311	0
4312	1
4313	0
4314	1
4315	0
4316	0
4317	1
4318	1
4319	0
4320	0
4321	0
4322	0
4323	0
4324	0
4325	0
4326	1
4327	1
4328	0
4329	0
4330	0
4331	1
4332	0
4333	1
4334	1
4335	1
4336	0
4337	0
4338	1
4339	1
4340	0
4341	0
4342	0
4343	0
4344	1
4345	1
4346	1
4347	0
4348	0
4349	0
4350	0
4351	0
4352	0
4353	1
4354	0
4355	0
4356	0
4357	1
4358	0
4359	0
4360	1
4361	1
4362	1
4363	1
4364	1
4365	1
4366	0
4367	1
4368	1
4369	1
4370	0
4371	0
4372	1
4373	0
4374	0
4375	1
4376	0
4377	0
4378	1
4379	0
4380	0
4381	0
4382	1
4383	1
4384	1
4385	0
4386	0
4387	0
4388	1
4389	1
4390	1
4391	1
4392	0
4393	1
4394	1
4395	0
4396	1
4397	0
4398	0
4399	1
4400	1
4401	1
4402	0
4403	1
4404	0
4405	1
4406	0
4407	0
4408	1
4409	0
4410	1
4411	1
4412	1
4413	1
4414	1
4415	0
4416	1
4417	0
4418	0
4419	0
4420	1
4421	1
4422	1
4423	1
4424	1
4425	0
4426	0
4427	0
4428	0
4429	1
4430	0
4431	1
4432	1
4433	0
4434	0
4435	1
4436	0
4437	0
4438	0
4439	1
4440	0
4441	1
4442	1
4443	1
4444	0
4445	1
4446	1
4447	1
4448	0
4449	1
4450	0
4451	1
4452	1
4453	1
4454	0
4455	0
4456	0
4457	1
4458	1
4459	1
4460	1
4461	0
4462	1
4463	0
4464	0
4465	0
4466	0
4467	0
4468	1
4469	0
4470	0
4471	1
4472	0
4473	1
4474	1
4475	1
4476	1
4477	0
4478	0
4479	1
4480	0
4481	1
4482	0
4483	0
4484	1
4485	1
4486	0
4487	0
4488	0
4489	1
4490	1
4491	0
4492	0
4493	1
4494	1
4495	0
4496	1
4497	1
4498	0
4499	0
4500	0
4501	0
4502	1
4503	1
4504	0
4505	1
4506	0
4507	1
4508	1
4509	1
4510	0
4511	0
4512	1
4513	0
4514	0
4515	1
4516	0
4517	1
4518	1
4519	1
4520	0
4521	1
4522	1
4523	0
4524	1
4525	1
4526	0
4527	0
4528	1
4529	0
4530	0
4531	0
4532	1
4533	0
4534	0
4535	1
4536	0
4537	1
4538	0
4539	1
4540	0
4541	0
4542	1
4543	1
4544	1
4545	0
4546	0
4547	1
4548	1
4549	1
4550	1
4551	1
4552	0
4553	0
4554	0
4555	1
4556	0
4557	0
4558	0
4559	0
4560	1
4561	1
4562	0
4563	1
4564	0
4565	1
4566	1
4567	1
4568	0
4569	1
4570	1
4571	1
4572	1
4573	1
4574	1
4575	1
4576	1
4577	1
4578	0
4579	1
4580	0
4581	0
4582	0
4583	0
4584	1
4585	0
4586	0
4587	1
4588	1
4589	0
4590	0
4591	1
4592	0
4593	0
4594	1
4595	0
4596	0
4597	0
4598	1
4599	0
4600	0
4601	0
4602	1
4603	0
4604	1
4605	1
4606	1
4607	1
4608	0
4609	0
4610	1
4611	0
4612	1
4613	0
4614	0
4615	0
4616	0
4617	1
4618	0
4619	0
4620	0
4621	0
4622	1
4623	1
4624	1
4625	1
4626	0
4627	1
4628	1
4629	0
4630	1
4631	0
4632	1
4633	1
4634	1
4635	0
4636	1
4637	0
4638	0
4639	1
4640	0
4641	0
4642	0
4643	0
4644	1
4645	1
4646	0
4647	0
4648	0
4649	1
4650	1
4651	1
4652	0
4653	1
4654	1
4655	1
4656	0
4657	1
4658	1
4659	1
4660	1
4661	1
4662	0
4663	1
4664	0
4665	0
4666	1
4667	0
4668	0
4669	0
4670	1
4671	0
4672	0
4673	1
4674	1
4675	1
4676	0
4677	1
4678	0
4679	0
4680	1
4681	0
4682	1
4683	1
4684	0
4685	0
4686	1
4687	0
4688	1
4689	0
4690	1
4691	0
4692	1
4693	0
4694	1
4695	0
4696	0
4697	0
4698	0
4699	1
4700	0
4701	1
4702	0
4703	1
4704	1
4705	1
4706	1
4707	1
4708	0
4709	0
4710	1
4711	0
4712	0
4713	0
4714	0
4715	1
4716	0
4717	1
4718	1
4719	0
4720	1
4721	1
4722	1
4723	0
4724	0
4725	0
4726	0
4727	1
4728	1
4729	1
4730	0
4731	0
4732	1
4733	0
4734	0
4735	0
4736	1
4737	1
4738	1
4739	1
4740	1
4741	0
4742	0
4743	1
4744	1
4745	0
4746	1
4747	1
4748	0
4749	1
4750	0
4751	1
4752	0
4753	1
4754	1
4755	1
4756	1
4757	0
4758	1
4759	1
4760	0
4761	0
4762	1
4763	0
4764	0
4765	0
4766	1
4767	1
4768	1
4769	0
4770	0
4771	1
4772	1
4773	1
4774	1
4775	0
4776	1
4777	0
4778	1
4779	1
4780	1
4781	1
4782	0
4783	0
4784	1
4785	0
4786	1
4787	0
4788	0
4789	0
4790	0
4791	0
4792	0
4793	1
4794	1
4795	0
4796	0
4797	0
4798	1
4799	1
4800	1
4801	1
4802	0
4803	1
4804	0
4805	1
4806	0
4807	0
4808	1
4809	0
4810	0
4811	0
4812	0
4813	1
4814	1
4815	1
4816	1
4817	1
4818	1
4819	1
4820	0
4821	1
4822	0
4823	0
4824	0
4825	0
4826	0
4827	1
4828	1
4829	0
4830	0
4831	1
4832	0
4833	0
4834	1
4835	1
4836	0
4837	0
4838	1
4839	1
4840	0
4841	1
4842	1
4843	1
4844	1
4845	0
4846	0
4847	1
4848	0
4849	1
4850	0
4851	1
4852	0
4853	0
4854	1
4855	1
4856	1
4857	1
4858	1
4859	1
4860	1
4861	1
4862	0
4863	0
4864	1
4865	1
4866	1
4867	0
4868	1
4869	0
4870	0
4871	1
4872	1
4873	0
4874	0
4875	0
4876	0
4877	0
4878	0
4879	0
4880	1
4881	1
4882	0
4883	0
4884	1
4885	1
4886	1
4887	0
4888	0
4889	1
4890	0
4891	0
4892	0
4893	1
4894	1
4895	0
4896	0
4897	1
4898	0
4899	0
4900	0
4901	1
4902	0
4903	1
4904	0
4905	1
4906	1
4907	1
4908	1
4909	0
4910	1
4911	0
4912	1
4913	1
4914	1
4915	1
4916	0
4917	0
4918	0
4919	1
4920	0
4921	0
4922	1
4923	0
4924	0
4925	1
4926	1
4927	1
4928	0
4929	0
4930	0
4931	1
4932	1
4933	1
4934	0
4935	1
4936	0
4937	1
4938	1
4939	1
4940	0
4941	1
4942	0
4943	0
4944	1
4945	0
4946	0
4947	1
4948	1
4949	0
4950	0
4951	0
4952	1
4953	0
4954	0
4955	1
4956	1
4957	0
4958	0
4959	0
4960	0
4961	1
4962	1
4963	0
4964	0
4965	1
4966	0
4967	1
4968	0
4969	1
4970	1
4971	0
4972	0
4973	0
4974	1
4975	0
4976	0
4977	1
4978	0
4979	1
4980	1
4981	1
4982	1
4983	1
4984	0
4985	1
4986	0
4987	1
4988	1
4989	1
4990	0
4991	0
4992	1
4993	0
4994	1
4995	0
4996	1
4997	1
4998	0
4999	0
5000	1
5001	0
5002	0
5003	0
5004	0
5005	0
5006	0
5007	1
5008	1
5009	1
5010	0
5011	0
5012	1
5013	1
5014	1
5015	1
5016	1
5017	0
5018	1
5019	1
5020	1
5021	1
5022	0
5023	1
5024	1
5025	1
5026	0
5027	0
5028	0
5029	0
5030	1
5031	1
5032	1
5033	1
5034	0
5035	0
5036	1
5037	1
5038	1
5039	1
5040	0
5041	1
5042	1
5043	1
5044	0
5045	0
5046	1
5047	0
5048	1
5049	0
5050	1
5051	0
5052	1
5053	0
5054	1
5055	1
5056	1
5057	0
5058	1
5059	1
5060	1
5061	1
5062	0
5063	1
5064	0
5065	0
5066	0
5067	0
5068	1
5069	1
5070	0
5071	1
5072	0
5073	0
5074	0
5075	0
5076	0
5077	0
5078	1
5079	1
5080	0
5081	0
5082	1
5083	0
5084	0
5085	0
5086	1
5087	0
5088	0
5089	1
5090	1
5091	0
5092	0
5093	1
5094	0
5095	0
5096	1
5097	0
5098	0
5099	1
5100	0
5101	0
5102	1
5103	0
5104	1
5105	0
5106	1
5107	0
5108	0
5109	0
5110	1
5111	1
5112	0
5113	0
5114	1
5115	0
5116	1
5117	0
5118	0
5119	0
5120	1
5121	0
5122	1
5123	1
5124	0
5125	0
5126	0
5127	1
5128	1
5129	0
5130	0
5131	1
5132	1
5133	1
5134	1
5135	0
5136	1
5137	1
5138	1
5139	1
5140	0
5141	0
5142	0
5143	0
5144	1
5145	0
5146	0
5147	0
5148	1
5149	1
5150	1
5151	1
5152	0
5153	0
5154	0
5155	1
5156	0
5157	1
5158	1
5159	1
5160	0
5161	0
5162	0
5163	1
5164	1
5165	0
5166	1
5167	0
5168	1
5169	1
5170	1
5171	1
5172	0
5173	0
5174	1
5175	1
5176	1
5177	0
5178	1
5179	1
5180	0
5181	1
5182	1
5183	0
5184	0
5185	0
5186	0
5187	1
5188	1
5189	0
5190	0
5191	0
5192	1
5193	1
5194	0
5195	0
5196	0
5197	0
5198	0
5199	1
5200	0
5201	1
5202	0
5203	0
5204	1
5205	1
5206	1
5207	0
5208	1
5209	1
5210	1
5211	0
5212	1
5213	1
5214	1
5215	1
5216	1
5217	1
5218	0
5219	0
5220	0
5221	0
5222	0
5223	1
5224	0
5225	1
5226	1
5227	0
5228	0
5229	1
5230	1
5231	1
5232	1
5233	1
5234	0
5235	0
5236	1
5237	1
5238	0
5239	1
5240	1
5241	0
5242	1
5243	0
5244	1
5245	1
5246	1
5247	1
5248	0
5249	1
5250	0
5251	0
5252	0
5253	1
5254	1
5255	0
5256	0
5257	0
5258	0
5259	0
5260	0
5261	1
5262	0
5263	0
5264	1
5265	0
5266	1
5267	1
5268	0
5269	0
5270	0
5271	1
5272	0
5273	1
5274	1
5275	0
5276	1
5277	0
5278	1
5279	0
5280	1
5281	0
5282	1
5283	1
5284	0
5285	1
5286	1
5287	0
5288	1
5289	1
5290	1
5291	1
5292	1
5293	0
5294	1
5295	0
5296	1
5297	0
5298	0
5299	1
5300	0
5301	1
5302	1
5303	1
5304	0
5305	0
5306	1
5307	0
5308	1
5309	0
5310	0
5311	1
5312	0
5313	1
5314	1
5315	0
5316	1
5317	1
5318	0
5319	1
5320	1
5321	1
5322	0
5323	0
5324	1
5325	0
5326	1
5327	0
5328	1
5329	0
5330	1
5331	0
5332	0
5333	1
5334	1
5335	0
5336	1
5337	1
5338	0
5339	1
5340	1
5341	1
5342	1
5343	1
5344	1
5345	0
5346	0
5347	0
5348	1
5349	0
5350	0
5351	0
5352	1
5353	1
5354	0
5355	1
5356	1
5357	1
5358	0
5359	1
5360	1
5361	1
5362	0
5363	1
5364	0
5365	0
5366	1
5367	1
5368	1
5369	0
5370	0
5371	0
5372	1
5373	1
5374	0
5375	1
5376	0
5377	1
5378	0
5379	0
5380	1
5381	1
5382	0
5383	0
5384	0
5385	0
5386	1
5387	0
5388	1
5389	1
5390	0
5391	1
5392	1
5393	0
5394	1
5395	1
5396	0
5397	1
5398	1
5399	1
5400	0
5401	1
5402	1
5403	1
5404	1
5405	0
5406	0
5407	0
5408	1
5409	1
5410	1
5411	1
5412	1
5413	1
5414	1
5415	0
5416	0
5417	0
5418	0
5419	0
5420	0
5421	1
5422	1
5423	0
5424	0
5425	1
5426	1
5427	0
5428	1
5429	1
5430	1
5431	0
5432	0
5433	1
5434	1
5435	1
5436	1
5437	0
5438	0
5439	1
5440	1
5441	1
5442	0
5443	0
5444	1
5445	1
5446	0
5447	0
5448	1
5449	0
5450	1
5451	1
5452	0
5453	0
5454	0
5455	0
5456	1
5457	1
5458	1
5459	0
5460	0
5461	0
5462	1
5463	1
5464	0
5465	1
5466	1
5467	1
5468	0
5469	1
5470	1
5471	0
5472	0
5473	0
5474	1
5475	0
5476	0
5477	1
5478	0
5479	0
5480	1
5481	0
5482	0
5483	1
5484	1
5485	0
5486	0
5487	0
5488	0
5489	0
5490	0
5491	0
5492	1
5493	0
5494	1
5495	0
5496	1
5497	0
5498	0
5499	1
5500	0
5501	0
5502	1
5503	0
5504	1
5505	0
5506	0
5507	0
5508	1
5509	0
5510	0
5511	0
5512	1
5513	0
5514	0
5515	1
5516	0
5517	1
5518	1
5519	1
5520	1
5521	1
5522	1
5523	1
5524	1
5525	1
5526	0
5527	0
5528	1
5529	0
5530	0
5531	0
5532	1
5533	1
5534	0
5535	1
5536	0
5537	0
5538	1
5539	1
5540	0
5541	0
5542	1
5543	1
5544	1
5545	1
5546	0
5547	0
5548	1
5549	1
5550	1
5551	0
5552	1
5553	1
5554	0
5555	0
5556	0
5557	0
5558	1
5559	1
5560	1
5561	1
5562	0
5563	1
5564	1
5565	1
5566	0
5567	0
5568	1
5569	1
5570	0
5571	0
5572	1
5573	1
5574	1
5575	1
5576	1
5577	1
5578	1
5579	1
5580	0
5581	1
5582	1
5583	1
5584	1
5585	0
5586	1
5587	0
5588	0
5589	0
5590	0
5591	1
5592	1
5593	0
5594	1
5595	0
5596	1
5597	1
5598	1
5599	0
5600	1
5601	1
5602	0
5603	1
5604	0
5605	1
5606	0
5607	1
5608	0
5609	1
5610	0
5611	0
5612	0
5613	1
5614	1
5615	1
5616	1
5617	0
5618	0
5619	1
5620	0
5621	0
5622	0
5623	1
5624	1
5625	1
5626	1
5627	1
5628	1
5629	0
5630	0
5631	0
5632	0
5633	1
5634	1
5635	1
5636	0
5637	0
5638	1
5639	0
5640	0
5641	1
5642	0
5643	1
5644	0
5645	0
5646	1
5647	1
5648	1
5649	0
5650	1
5651	0
5652	1
5653	0
5654	1
5655	0
5656	0
5657	1
5658	0
5659	1
5660	1
5661	1
5662	1
5663	1
5664	0
5665	1
5666	0
5667	0
5668	1
5669	1
5670	0
5671	0
5672	0
5673	1
5674	1
5675	0
5676	1
5677	1
5678	1
5679	1
5680	1
5681	0
5682	1
5683	1
5684	1
5685	0
5686	0
5687	1
5688	1
5689	0
5690	0
5691	1
5692	1
5693	1
5694	0
5695	0
5696	0
5697	0
5698	1
5699	0
5700	0
5701	1
5702	1
5703	0
5704	1
5705	1
5706	0
5707	1
5708	1
5709	0
5710	0
5711	0
5712	0
5713	0
5714	0
5715	0
5716	1
5717	0
5718	1
5719	0
5720	0
5721	1
5722	0
5723	0
5724	1
5725	1
5726	1
5727	0
5728	0
5729	0
5730	1
5731	1
5732	1
5733	0
5734	0
5735	0
5736	0
5737	1
5738	0
5739	1
5740	1
5741	1
5742	1
5743	1
5744	1
5745	0
5746	0
5747	0
5748	1
5749	0
5750	0
5751	1
5752	0
5753	1
5754	0
5755	1
5756	0
5757	0
5758	0
5759	0
5760	0
5761	0
5762	1
5763	0
5764	1
5765	0
5766	0
5767	1
5768	0
5769	0
5770	0
5771	0
5772	1
5773	0
5774	1
5775	0
5776	0
5777	1
5778	0
5779	1
5780	0
5781	1
5782	0
5783	0
5784	1
5785	0
5786	0
5787	1
5788	0
5789	0
5790	0
5791	1
5792	0
5793	0
5794	0
5795	0
5796	1
5797	1
5798	1
5799	1
5800	1
5801	1
5802	1
5803	1
5804	1
5805	0
5806	0
5807	1
5808	1
5809	1
5810	1
5811	1
5812	0
5813	0
5814	0
5815	1
5816	1
5817	1
5818	0
5819	1
5820	1
5821	0
5822	1
5823	1
5824	0
5825	0
5826	0
5827	1
5828	1
5829	0
5830	0
5831	0
5832	0
5833	0
5834	0
5835	1
5836	1
5837	1
5838	0
5839	1
5840	1
5841	0
5842	1
5843	0
5844	0
5845	1
5846	0
5847	0
5848	1
5849	1
5850	1
5851	1
5852	1
5853	0
5854	0
5855	1
5856	0
5857	0
5858	1
5859	0
5860	0
5861	0
5862	0
5863	1
5864	0
5865	1
5866	0
5867	1
5868	1
5869	0
5870	1
5871	1
5872	0
5873	1
5874	0
5875	1
5876	0
5877	1
5878	1
5879	0
5880	1
5881	0
5882	0
5883	0
5884	0
5885	0
5886	0
5887	0
5888	1
5889	1
5890	1
5891	0
5892	1
5893	1
5894	0
5895	0
5896	1
5897	1
5898	0
5899	0
5900	1
5901	0
5902	0
5903	0
5904	0
5905	1
5906	0
5907	1
5908	0
5909	0
5910	1
5911	1
5912	0
5913	1
5914	0
5915	0
5916	0
5917	1
5918	1
5919	0
5920	1
5921	0
5922	1
5923	0
5924	1
5925	1
5926	1
5927	1
5928	1
5929	0
5930	0
5931	0
5932	1
5933	1
5934	1
5935	0
5936	0
5937	1
5938	0
5939	1
5940	1
5941	1
5942	0
5943	0
5944	0
5945	0
5946	0
5947	1
5948	0
5949	1
5950	0
5951	0
5952	1
5953	0
5954	0
5955	0
5956	1
5957	1
5958	0
5959	1
5960	1
5961	1
5962	0
5963	0
5964	1
5965	1
5966	1
5967	1
5968	0
5969	0
5970	0
5971	1
5972	1
5973	1
5974	1
5975	1
5976	0
5977	0
5978	0
5979	1
5980	0
5981	1
5982	0
5983	0
5984	1
5985	1
5986	1
5987	0
5988	1
5989	0
5990	0
5991	0
5992	1
5993	1
5994	1
5995	1
5996	0
5997	1
5998	0
5999	0
6000	0
6001	0
6002	1
6003	0
6004	1
6005	0
6006	1
6007	0
6008	1
6009	0
6010	0
6011	0
6012	1
6013	0
6014	0
6015	1
6016	1
6017	0
6018	1
6019	0
6020	0
6021	1
6022	1
6023	0
6024	1
6025	0
6026	1
6027	1
6028	1
6029	1
6030	1
6031	1
6032	0
6033	0
6034	0
6035	1
6036	0
6037	0
6038	0
6039	0
6040	1
6041	1
6042	0
6043	0
6044	1
6045	1
6046	1
6047	0
6048	1
6049	1
6050	0
6051	1
6052	1
6053	0
6054	0
6055	1
6056	1
6057	1
6058	0
6059	0
6060	1
6061	1
6062	0
6063	1
6064	0
6065	0
6066	1
6067	0
6068	0
6069	0
6070	1
6071	0
6072	1
6073	1
6074	1
6075	1
6076	0
6077	1
6078	1
6079	0
6080	0
6081	1
6082	1
6083	0
6084	0
6085	0
6086	0
6087	0
6088	0
6089	0
6090	1
6091	0
6092	1
6093	1
6094	1
6095	1
6096	1
6097	1
6098	1
6099	0
6100	1
6101	1
6102	1
6103	0
6104	0
6105	1
6106	0
6107	1
6108	1
6109	1
6110	1
6111	0
6112	0
6113	1
6114	0
6115	0
6116	1
6117	1
6118	0
6119	0
6120	1
6121	1
6122	1
6123	0
6124	1
6125	0
6126	0
6127	0
6128	1
6129	1
6130	0
6131	0
6132	0
6133	1
6134	0
6135	0
6136	0
6137	0
6138	1
6139	1
6140	0
6141	1
6142	1
6143	0
6144	0
6145	1
6146	0
6147	1
6148	0
6149	1
6150	0
6151	0
6152	1
6153	1
6154	0
6155	0
6156	0
6157	0
6158	0
6159	1
6160	1
6161	0
6162	0
6163	0
6164	1
6165	0
6166	1
6167	0
6168	0
6169	1
6170	0
6171	1
6172	1
6173	0
6174	1
6175	0
6176	0
6177	1
6178	0
6179	0
6180	1
6181	1
6182	1
6183	0
6184	0
6185	0
6186	0
6187	0
6188	1
6189	0
6190	0
6191	0
6192	0
6193	0
6194	1
6195	1
6196	1
6197	0
6198	0
6199	1
6200	0
6201	0
6202	0
6203	1
6204	0
6205	1
6206	1
6207	0
6208	0
6209	1
6210	1
6211	0
6212	0
6213	0
6214	0
6215	1
6216	1
6217	1
6218	1
6219	1
6220	1
6221	0
6222	0
6223	1
6224	0
6225	1
6226	0
6227	1
6228	1
6229	1
6230	1
6231	1
6232	1
6233	0
6234	1
6235	1
6236	0
6237	1
6238	0
6239	0
6240	0
6241	1
6242	0
6243	1
6244	1
6245	0
6246	0
6247	1
6248	0
6249	0
6250	0
6251	0
6252	1
6253	1
6254	1
6255	0
6256	1
6257	0
6258	0
6259	1
6260	1
6261	1
6262	0
6263	1
6264	1
6265	0
6266	0
6267	1
6268	0
6269	0
6270	1
6271	1
6272	0
6273	0
6274	1
6275	0
6276	0
6277	0
6278	0
6279	1
6280	0
6281	1
6282	1
6283	1
6284	0
6285	0
6286	1
6287	1
6288	1
6289	1
6290	1
6291	1
6292	0
6293	1
6294	1
6295	1
6296	0
6297	0
6298	0
6299	0
6300	0
6301	0
6302	0
6303	1
6304	1
6305	0
6306	0
6307	0
6308	1
6309	0
6310	0
6311	0
6312	1
6313	1
6314	1
6315	1
6316	0
6317	1
6318	0
6319	0
6320	1
6321	1
6322	0
6323	1
6324	0
6325	0
6326	1
6327	1
6328	1
6329	1
6330	0
6331	0
6332	1
6333	1
6334	1
6335	1
6336	0
6337	0
6338	0
6339	0
6340	1
6341	0
6342	0
6343	0
6344	0
6345	1
6346	0
6347	0
6348	1
6349	1
6350	0
6351	1
6352	0
6353	0
6354	0
6355	1
6356	0
6357	1
6358	1
6359	0
6360	0
6361	1
6362	0
6363	1
6364	1
6365	0
6366	1
6367	0
6368	1
6369	1
6370	0
6371	0
6372	1
6373	0
6374	1
6375	0
6376	1
6377	0
6378	0
6379	0
6380	0
6381	1
6382	1
6383	0
6384	0
6385	0
6386	0
6387	0
6388	1
6389	1
6390	0
6391	1
6392	0
6393	0
6394	1
6395	0
6396	0
6397	0
6398	0
6399	1
6400	0
6401	0
6402	0
6403	0
6404	0
6405	0
6406	1
6407	1
6408	1
6409	0
6410	1
6411	1
6412	1
6413	1
6414	1
6415	0
6416	1
6417	1
6418	0
6419	0
6420	0
6421	0
6422	1
6423	0
6424	1
6425	1
6426	1
6427	0
6428	1
6429	0
6430	1
6431	1
6432	1
6433	0
6434	0
6435	0
6436	0
6437	1
6438	1
6439	1
6440	1
6441	0
6442	1
6443	0
6444	0
6445	1
6446	0
6447	1
6448	0
6449	1
6450	0
6451	0
6452	0
6453	0
6454	0
6455	1
6456	1
6457	1
6458	1
6459	1
6460	1
6461	1
6462	1
6463	1
6464	1
6465	0
6466	0
6467	1
6468	1
6469	1
6470	1
6471	1
6472	1
6473	1
6474	0
6475	1
6476	0
6477	1
6478	0
6479	1
6480	1
6481	0
6482	0
6483	1
6484	0
6485	1
6486	0
6487	1
6488	0
6489	0
6490	0
6491	1
6492	0
6493	0
6494	1
6495	0
6496	1
6497	0
6498	0
6499	1
6500	0
6501	0
6502	1
6503	1
6504	0
6505	0
6506	1
6507	1
6508	1
6509	0
6510	1
6511	0
6512	1
6513	1
6514	1
6515	1
6516	0
6517	1
6518	0
6519	1
6520	1
6521	0
6522	0
6523	1
6524	0
6525	0
6526	1
6527	1
6528	0
6529	1
6530	1
6531	1
6532	0
6533	1
6534	1
6535	1
6536	0
6537	1
6538	0
6539	1
6540	0
6541	0
6542	1
6543	1
6544	1
6545	1
6546	0
6547	0
6548	0
6549	0
6550	0
6551	1
6552	0
6553	1
6554	1
6555	0
6556	0
6557	0
6558	1
6559	0
6560	1
6561	1
6562	1
6563	0
6564	1
6565	0
6566	0
6567	0
6568	0
6569	1
6570	1
6571	0
6572	1
6573	1
6574	1
6575	0
6576	0
6577	0
6578	1
6579	0
6580	1
6581	1
6582	1
6583	0
6584	1
6585	0
6586	1
6587	0
6588	0
6589	1
6590	1
6591	0
6592	1
6593	0
6594	0
6595	1
6596	0
6597	1
6598	1
6599	1
6600	1
6601	0
6602	0
6603	0
6604	1
6605	0
6606	0
6607	0
6608	0
6609	1
6610	0
6611	1
6612	0
6613	0
6614	0
6615	0
6616	0
6617	1
6618	0
6619	1
6620	0
6621	1
6622	0
6623	0
6624	1
6625	1
6626	0
6627	0
6628	1
6629	0
6630	0
6631	0
6632	0
6633	0
6634	1
6635	1
6636	0
6637	0
6638	1
6639	1
6640	0
6641	1
6642	1
6643	1
6644	0
6645	0
6646	0
6647	1
6648	1
6649	1
6650	0
6651	0
6652	1
6653	0
6654	1
6655	0
6656	0
6657	0
6658	1
6659	0
6660	0
6661	0
6662	0
6663	1
6664	0
6665	1
6666	0
6667	1
6668	1
6669	1
6670	0
6671	1
6672	1
6673	1
6674	0
6675	1
6676	0
6677	1
6678	1
6679	1
6680	0
6681	1
6682	0
6683	0
6684	1
6685	0
6686	0
6687	0
6688	1
6689	1
6690	0
6691	0
6692	0
6693	0
6694	1
6695	1
6696	0
6697	0
6698	0
6699	0
6700	1
6701	0
6702	0
6703	0
6704	0
6705	1
6706	0
6707	1
6708	0
6709	1
6710	0
6711	1
6712	1
6713	1
6714	0
6715	1
6716	0
6717	1
6718	1
6719	0
6720	1
6721	0
6722	0
6723	0
6724	1
6725	1
6726	1
6727	0
6728	1
6729	0
6730	1
6731	0
6732	0
6733	0
6734	0
6735	0
6736	1
6737	0
6738	1
6739	0
6740	0
6741	0
6742	1
6743	1
6744	1
6745	0
6746	0
6747	1
6748	0
6749	1
6750	1
6751	0
6752	1
6753	1
6754	1
6755	0
6756	0
6757	0
6758	1
6759	0
6760	0
6761	0
6762	1
6763	1
6764	0
6765	1
6766	0
6767	1
6768	1
6769	0
6770	1
6771	1
6772	1
6773	1
6774	1
6775	0
6776	0
6777	0
6778	1
6779	0
6780	1
6781	0
6782	0
6783	1
6784	0
6785	0
6786	1
6787	1
6788	0
6789	0
6790	0
6791	1
6792	0
6793	1
6794	0
6795	1
6796	0
6797	0
6798	0
6799	0
6800	0
6801	1
6802	1
6803	0
6804	0
6805	0
6806	1
6807	1
6808	1
6809	1
6810	1
6811	1
6812	0
6813	1
6814	0
6815	1
6816	0
6817	0
6818	0
6819	0
6820	1
6821	0
6822	0
6823	1
6824	0
6825	1
6826	1
6827	0
6828	1
6829	1
6830	1
6831	0
6832	0
6833	0
6834	0
6835	1
6836	1
6837	0
6838	0
6839	0
6840	0
6841	0
6842	0
6843	1
6844	0
6845	0
6846	0
6847	0
6848	1
6849	1
6850	0
6851	1
6852	1
6853	0
6854	1
6855	0
6856	1
6857	1
6858	1
6859	1
6860	1
6861	1
6862	0
6863	1
6864	1
6865	1
6866	1
6867	1
6868	1
6869	1
6870	1
6871	0
6872	0
6873	1
6874	1
6875	0
6876	0
6877	1
6878	0
6879	0
6880	0
6881	1
6882	1
6883	0
6884	0
6885	1
6886	0
6887	1
6888	1
6889	1
6890	0
6891	0
6892	0
6893	1
6894	0
6895	0
6896	1
6897	1
6898	1
6899	0
6900	0
6901	0
6902	0
6903	1
6904	0
6905	1
6906	0
6907	0
6908	0
6909	0
6910	1
6911	0
6912	1
6913	0
6914	1
6915	1
6916	0
6917	1
6918	0
6919	1
6920	0
6921	1
6922	0
6923	0
6924	0
6925	0
6926	1
6927	0
6928	1
6929	1
6930	0
6931	1
6932	1
6933	1
6934	1
6935	1
6936	0
6937	0
6938	0
6939	1
6940	0
6941	1
6942	1
6943	1
6944	1
6945	0
6946	1
6947	0
6948	0
6949	1
6950	1
6951	1
6952	1
6953	0
6954	1
6955	0
6956	1
6957	1
6958	1
6959	1
6960	1
6961	1
6962	1
6963	0
6964	1
6965	0
6966	0
6967	0
6968	0
6969	1
6970	1
6971	1
6972	0
6973	1
6974	0
6975	1
6976	0
6977	0
6978	1
6979	1
6980	0
6981	1
6982	0
6983	0
6984	0
6985	1
6986	0
6987	0
6988	1
6989	1
6990	1
6991	0
6992	1
6993	0
6994	0
6995	0
6996	0
6997	0
6998	1
6999	0
7000	1
7001	0
7002	1
7003	0
7004	1
7005	1
7006	0
7007	0
7008	0
7009	0
7010	0
7011	0
7012	1
7013	1
7014	1
7015	1
7016	0
7017	1
7018	1
7019	1
7020	1
7021	0
7022	1
7023	0
7024	0
7025	0
7026	1
7027	0
7028	0
7029	1
7030	1
7031	1
7032	0
7033	0
7034	0
7035	1
7036	1
7037	0
7038	1
7039	0
7040	1
7041	1
7042	0
7043	0
7044	0
7045	1
7046	0
7047	1
7048	0
7049	0
7050	1
7051	0
7052	1
7053	0
7054	0
7055	1
7056	1
7057	1
7058	0
7059	1
7060	1
7061	1
7062	0
7063	0
7064	0
7065	1
7066	1
7067	1
7068	0
7069	0
7070	0
7071	1
7072	1
7073	0
7074	0
7075	1
7076	0
7077	1
7078	1
7079	1
7080	0
7081	1
7082	1
7083	1
7084	1
7085	1
7086	1
7087	1
7088	0
7089	0
7090	1
7091	1
7092	1
7093	0
7094	1
7095	0
7096	1
7097	0
7098	0
7099	1
7100	0
7101	0
7102	0
7103	0
7104	0
7105	1
7106	1
7107	0
7108	0
7109	0
7110	0
7111	0
7112	1
7113	0
7114	0
7115	1
7116	1
7117	1
7118	0
7119	0
7120	0
7121	1
7122	1
7123	0
7124	1
7125	1
7126	1
7127	0
7128	1
7129	0
7130	0
7131	0
7132	0
7133	0
7134	1
7135	1
7136	0
7137	0
7138	1
7139	1
7140	1
7141	1
7142	1
7143	1
7144	0
7145	1
7146	0
7147	1
7148	1
7149	1
7150	0
7151	1
7152	1
7153	0
7154	0
7155	1
7156	1
7157	1
7158	0
7159	1
7160	1
7161	0
7162	1
7163	0
7164	0
7165	1
7166	0
7167	0
7168	1
7169	0
7170	1
7171	0
7172	1
7173	1
7174	0
7175	1
7176	1
7177	1
7178	0
7179	0
7180	1
7181	1
7182	1
7183	0
7184	1
7185	0
7186	1
7187	1
7188	1
7189	1
7190	0
7191	0
7192	0
7193	0
7194	0
7195	1
7196	1
7197	0
7198	1
7199	0
7200	0
7201	0
7202	0
7203	0
7204	1
7205	1
7206	0
7207	1
7208	1
7209	0
7210	0
7211	1
7212	0
7213	0
7214	0
7215	0
7216	0
7217	1
7218	1
7219	1
7220	0
7221	0
7222	1
7223	0
7224	0
7225	0
7226	1
7227	1
7228	1
7229	1
7230	0
7231	0
7232	0
7233	0
7234	1
7235	1
7236	1
7237	1
7238	0
7239	1
7240	1
7241	1
7242	1
7243	1
7244	1
7245	0
7246	1
7247	1
7248	1
7249	1
7250	0
7251	0
7252	1
7253	0
7254	0
7255	1
7256	1
7257	0
7258	1
7259	1
7260	1
7261	1
7262	1
7263	1
7264	0
7265	1
7266	1
7267	0
7268	0
7269	1
7270	1
7271	1
7272	1
7273	1
7274	1
7275	0
7276	1
7277	0
7278	0
7279	0
7280	1
7281	0
7282	0
7283	0
7284	0
7285	0
7286	0
7287	1
7288	0
7289	0
7290	1
7291	0
7292	0
7293	0
7294	1
7295	0
7296	0
7297	0
7298	1
7299	0
7300	1
7301	1
7302	1
7303	0
7304	0
7305	0
7306	1
7307	0
7308	1
7309	0
7310	0
7311	1
7312	1
7313	0
7314	1
7315	1
7316	1
7317	0
7318	1
7319	0
7320	1
7321	0
7322	0
7323	0
7324	0
7325	1
7326	1
7327	1
7328	0
7329	1
7330	1
7331	0
7332	1
7333	1
7334	0
7335	0
7336	1
7337	0
7338	1
7339	1
7340	1
7341	1
7342	1
7343	1
7344	0
7345	1
7346	0
7347	1
7348	1
7349	0
7350	1
7351	1
7352	0
7353	1
7354	1
7355	0
7356	0
7357	0
7358	0
7359	1
7360	0
7361	1
7362	1
7363	0
7364	0
7365	0
7366	0
7367	1
7368	0
7369	1
7370	1
7371	0
7372	0
7373	1
7374	1
7375	1
7376	1
7377	0
7378	0
7379	0
7380	1
7381	0
7382	0
7383	0
7384	0
7385	0
7386	1
7387	1
7388	1
7389	1
7390	0
7391	0
7392	1
7393	0
7394	1
7395	1
7396	1
7397	1
7398	1
7399	1
7400	0
7401	1
7402	1
7403	0
7404	0
7405	0
7406	1
7407	1
7408	0
7409	1
7410	1
7411	0
7412	0
7413	0
7414	1
7415	0
7416	1
7417	1
7418	0
7419	1
7420	0
7421	0
7422	1
7423	0
7424	1
7425	0
7426	1
7427	0
7428	0
7429	1
7430	1
7431	1
7432	1
7433	1
7434	0
7435	1
7436	1
7437	0
7438	1
7439	0
7440	0
7441	1
7442	0
7443	1
7444	1
7445	1
7446	1
7447	0
7448	1
7449	1
7450	0
7451	1
7452	1
7453	0
7454	0
7455	1
7456	1
7457	0
7458	0
7459	1
7460	1
7461	1
7462	1
7463	1
7464	1
7465	1
7466	1
7467	1
7468	1
7469	1
7470	1
7471	1
7472	1
7473	0
7474	1
7475	0
7476	1
7477	1
7478	1
7479	0
7480	0
7481	0
7482	1
7483	1
7484	0
7485	0
7486	1
7487	1
7488	1
7489	1
7490	0
7491	0
7492	1
7493	1
7494	0
7495	1
7496	1
7497	1
7498	1
7499	0
7500	0
7501	1
7502	1
7503	1
7504	1
7505	0
7506	0
7507	1
7508	1
7509	1
7510	0
7511	0
7512	0
7513	0
7514	1
7515	0
7516	0
7517	1
7518	0
7519	1
7520	0
7521	0
7522	1
7523	0
7524	1
7525	0
7526	0
7527	0
7528	1
7529	1
7530	0
7531	0
7532	0
7533	0
7534	0
7535	1
7536	0
7537	0
7538	0
7539	0
7540	1
7541	0
7542	1
7543	0
7544	0
7545	1
7546	1
7547	1
7548	1
7549	1
7550	1
7551	1
7552	0
7553	1
7554	0
7555	0
7556	1
7557	1
7558	1
7559	0
7560	1
7561	1
7562	1
7563	1
7564	1
7565	0
7566	0
7567	1
7568	1
7569	0
7570	1
7571	1
7572	0
7573	1
7574	0
7575	0
7576	0
7577	1
7578	1
7579	0
7580	0
7581	1
7582	1
7583	1
7584	1
7585	0
7586	1
7587	1
7588	1
7589	0
7590	1
7591	1
7592	0
7593	1
7594	0
7595	1
7596	1
7597	1
7598	0
7599	1
7600	0
7601	0
7602	1
7603	0
7604	0
7605	0
7606	1
7607	1
7608	0
7609	0
7610	0
7611	1
7612	0
7613	1
7614	1
7615	1
7616	1
7617	0
7618	0
7619	1
7620	1
7621	0
7622	0
7623	1
7624	1
7625	1
7626	0
7627	0
7628	1
7629	1
7630	1
7631	1
7632	1
7633	0
7634	0
7635	1
7636	0
7637	1
7638	1
7639	0
7640	1
7641	1
7642	0
7643	1
7644	1
7645	1
7646	0
7647	0
7648	0
7649	0
7650	1
7651	0
7652	0
7653	1
7654	0
7655	1
7656	0
7657	0
7658	0
7659	1
7660	1
7661	0
7662	1
7663	0
7664	0
7665	0
7666	1
7667	1
7668	0
7669	0
7670	0
7671	0
7672	1
7673	0
7674	1
7675	1
7676	1
7677	0
7678	1
7679	1
7680	0
7681	1
7682	0
7683	1
7684	0
7685	1
7686	1
7687	0
7688	1
7689	1
7690	0
7691	1
7692	1
7693	1
7694	1
7695	1
7696	1
7697	1
7698	0
7699	1
7700	1
7701	1
7702	0
7703	1
7704	0
7705	0
7706	1
7707	0
7708	1
7709	1
7710	1
7711	0
7712	1
7713	1
7714	1
7715	1
7716	1
7717	1
7718	1
7719	0
7720	1
7721	1
7722	1
7723	1
7724	0
7725	0
7726	1
7727	0
7728	0
7729	1
7730	0
7731	0
7732	0
7733	0
7734	0
7735	0
7736	0
7737	1
7738	1
7739	0
7740	1
7741	1
7742	1
7743	1
7744	1
7745	1
7746	0
7747	0
7748	0
7749	1
7750	1
7751	1
7752	0
7753	1
7754	1
7755	0
7756	1
7757	0
7758	0
7759	1
7760	0
7761	1
7762	1
7763	1
7764	0
7765	1
7766	0
7767	1
7768	0
7769	0
7770	0
7771	1
7772	0
7773	1
7774	1
7775	0
7776	0
7777	0
7778	1
7779	1
7780	1
7781	1
7782	1
7783	1
7784	1
7785	0
7786	1
7787	1
7788	0
7789	1
7790	0
7791	1
7792	1
7793	1
7794	1
7795	0
7796	0
7797	1
7798	1
7799	0
7800	1
7801	0
7802	0
7803	1
7804	1
7805	1
7806	1
7807	1
7808	1
7809	0
7810	1
7811	1
7812	1
7813	1
7814	1
7815	1
7816	1
7817	1
7818	0
7819	0
7820	1
7821	0
7822	0
7823	0
7824	1
7825	1
7826	0
7827	0
7828	0
7829	0
7830	1
7831	1
7832	1
7833	0
7834	0
7835	1
7836	0
7837	0
7838	0
7839	0
7840	0
7841	0
7842	0
7843	1
7844	1
7845	1
7846	1
7847	0
7848	1
7849	0
7850	1
7851	0
7852	1
7853	0
7854	1
7855	1
7856	0
7857	0
7858	1
7859	1
7860	1
7861	0
7862	1
7863	0
7864	0
7865	0
7866	1
7867	1
7868	1
7869	0
7870	1
7871	1
7872	1
7873	0
7874	1
7875	1
7876	0
7877	1
7878	0
7879	1
7880	0
7881	0
7882	1
7883	0
7884	1
7885	0
7886	0
7887	1
7888	0
7889	1
7890	1
7891	1
7892	1
7893	0
7894	0
7895	1
7896	1
7897	0
7898	1
7899	0
7900	0
7901	0
7902	0
7903	0
7904	0
7905	0
7906	0
7907	0
7908	1
7909	1
7910	1
7911	0
7912	1
7913	0
7914	1
7915	0
7916	1
7917	1
7918	0
7919	1
7920	0
7921	0
7922	0
7923	1
7924	1
7925	1
7926	1
7927	0
7928	1
7929	0
7930	0
7931	1
7932	0
7933	1
7934	0
7935	1
7936	0
7937	1
7938	1
7939	1
7940	0
7941	1
7942	1
7943	1
7944	1
7945	1
7946	0
7947	0
7948	0
7949	1
7950	1
7951	1
7952	1
7953	1
7954	0
7955	1
7956	1
7957	1
7958	1
7959	0
7960	0
7961	0
7962	0
7963	0
7964	1
7965	1
7966	1
7967	1
7968	1
7969	1
7970	1
7971	0
7972	1
7973	1
7974	1
7975	0
7976	1
7977	1
7978	1
7979	1
7980	1
7981	1
7982	1
7983	1
7984	1
7985	1
7986	1
7987	0
7988	1
7989	1
7990	0
7991	1
7992	0
7993	0
7994	0
7995	1
7996	1
7997	1
7998	1
7999	0
8000	0
8001	1
8002	0
8003	0
8004	1
8005	1
8006	1
8007	0
8008	0
8009	1
8010	0
8011	0
8012	1
8013	0
8014	0
8015	0
8016	0
8017	0
8018	0
8019	1
8020	0
8021	0
8022	0
8023	1
8024	1
8025	0
8026	0
8027	1
8028	0
8029	1
8030	0
8031	1
8032	1
8033	0
8034	0
8035	0
8036	0
8037	1
8038	1
8039	1
8040	0
8041	0
8042	0
8043	1
8044	1
8045	1
8046	0
8047	0
8048	0
8049	1
8050	1
8051	1
8052	0
8053	0
8054	1
8055	0
8056	1
8057	0
8058	0
8059	0
8060	1
8061	1
8062	1
8063	0
8064	0
8065	1
8066	1
8067	1
8068	1
8069	0
8070	0
8071	0
8072	1
8073	0
8074	1
8075	1
8076	1
8077	1
8078	0
8079	0
8080	1
8081	1
8082	0
8083	0
8084	0
8085	1
8086	1
8087	1
8088	0
8089	0
8090	1
8091	0
8092	0
8093	1
8094	1
8095	1
8096	1
8097	0
8098	0
8099	1
8100	1
8101	1
8102	0
8103	1
8104	1
8105	0
8106	0
8107	0
8108	1
8109	1
8110	1
8111	0
8112	0
8113	1
8114	0
8115	0
8116	0
8117	1
8118	0
8119	0
8120	1
8121	0
8122	1
8123	1
8124	1
8125	1
8126	0
8127	1
8128	0
8129	0
8130	1
8131	1
8132	0
8133	0
8134	1
8135	1
8136	0
8137	1
8138	1
8139	1
8140	1
8141	1
8142	0
8143	0
8144	0
8145	1
8146	0
8147	1
8148	1
8149	0
8150	1
8151	1
8152	0
8153	0
8154	1
8155	0
8156	0
8157	1
8158	0
8159	0
8160	0
8161	1
8162	0
8163	1
8164	1
8165	1
8166	0
8167	1
8168	0
8169	0
8170	0
8171	0
8172	0
8173	0
8174	1
8175	1
8176	1
8177	0
8178	1
8179	1
8180	0
8181	0
8182	1
8183	1
8184	0
8185	0
8186	0
8187	1
8188	0
8189	0
8190	1
8191	0
8192	1
8193	1
8194	1
8195	0
8196	0
8197	1
8198	1
8199	1
8200	1
8201	1
8202	1
8203	0
8204	1
8205	1
8206	1
8207	1
8208	0
8209	0
8210	0
8211	0
8212	1
8213	0
8214	0
8215	0
8216	1
8217	0
8218	1
8219	1
8220	1
8221	0
8222	0
8223	1
8224	0
8225	0
8226	0
8227	0
8228	1
8229	0
8230	0
8231	0
8232	0
8233	0
8234	0
8235	1
8236	1
8237	0
8238	0
8239	1
8240	1
8241	0
8242	0
8243	0
8244	1
8245	1
8246	0
8247	1
8248	1
8249	0
8250	1
8251	0
8252	0
8253	0
8254	1
8255	0
8256	1
8257	1
8258	1
8259	1
8260	0
8261	1
8262	0
8263	1
8264	0
8265	1
8266	0
8267	0
8268	1
8269	0
8270	1
8271	0
8272	0
8273	0
8274	0
8275	1
8276	1
8277	1
8278	0
8279	1
8280	0
8281	0
8282	0
8283	1
8284	0
8285	0
8286	0
8287	1
8288	0
8289	0
8290	1
8291	1
8292	0
8293	1
8294	0
8295	0
8296	0
8297	0
8298	0
8299	1
8300	1
8301	1
8302	1
8303	1
8304	0
8305	0
8306	0
8307	1
8308	1
8309	0
8310	1
8311	1
8312	0
8313	1
8314	1
8315	0
8316	1
8317	1
8318	1
8319	1
8320	1
8321	0
8322	1
8323	1
8324	1
8325	0
8326	0
8327	1
8328	0
8329	1
8330	0
8331	0
8332	0
8333	0
8334	1
8335	0
8336	0
8337	0
8338	1
8339	0
8340	0
8341	1
8342	1
8343	1
8344	0
8345	1
8346	1
8347	0
8348	0
8349	0
8350	0
8351	0
8352	1
8353	0
8354	1
8355	0
8356	1
8357	0
8358	0
8359	0
8360	1
8361	0
8362	0
8363	0
8364	1
8365	0
8366	1
8367	0
8368	0
8369	0
8370	1
8371	1
8372	0
8373	1
8374	1
8375	0
8376	0
8377	1
8378	1
8379	1
8380	0
8381	1
8382	0
8383	1
8384	1
8385	0
8386	0
8387	0
8388	0
8389	1
8390	0
8391	0
8392	1
8393	0
8394	1
8395	0
8396	0
8397	1
8398	0
8399	1
8400	1
8401	0
8402	1
8403	1
8404	1
8405	1
8406	1
8407	1
8408	0
8409	0
8410	0
8411	0
8412	0
8413	1
8414	1
8415	0
8416	1
8417	1
8418	0
8419	0
8420	1
8421	0
8422	1
8423	0
8424	0
8425	0
8426	0
8427	0
8428	0
8429	1
8430	1
8431	0
8432	0
8433	0
8434	0
8435	0
8436	1
8437	1
8438	0
8439	0
8440	0
8441	1
8442	0
8443	0
8444	0
8445	1
8446	1
8447	1
8448	0
8449	0
8450	1
8451	1
8452	0
8453	1
8454	1
8455	0
8456	1
8457	0
8458	0
8459	0
8460	1
8461	0
8462	0
8463	1
8464	0
8465	1
8466	1
8467	1
8468	0
8469	1
8470	1
8471	1
8472	0
8473	0
8474	0
8475	0
8476	0
8477	0
8478	1
8479	1
8480	0
8481	1
8482	1
8483	1
8484	0
8485	1
8486	0
8487	0
8488	0
8489	0
8490	0
8491	1
8492	1
8493	1
8494	0
8495	1
8496	0
8497	0
8498	0
8499	1
8500	1
8501	1
8502	0
8503	1
8504	0
8505	0
8506	1
8507	0
8508	0
8509	1
8510	0
8511	0
8512	1
8513	0
8514	0
8515	0
8516	1
8517	1
8518	1
8519	0
8520	1
8521	0
8522	0
8523	0
8524	1
8525	0
8526	1
8527	0
8528	0
8529	1
8530	1
8531	0
8532	1
8533	0
8534	1
8535	1
8536	1
8537	1
8538	1
8539	1
8540	0
8541	1
8542	1
8543	0
8544	0
8545	0
8546	0
8547	0
8548	0
8549	0
8550	0
8551	0
8552	1
8553	0
8554	1
8555	1
8556	0
8557	1
8558	0
8559	0
8560	1
8561	0
8562	0
8563	1
8564	1
8565	0
8566	0
8567	0
8568	1
8569	1
8570	1
8571	0
8572	0
8573	1
8574	0
8575	1
8576	0
8577	0
8578	0
8579	1
8580	0
8581	0
8582	0
8583	0
8584	0
8585	1
8586	1
8587	0
8588	0
8589	0
8590	1
8591	1
8592	0
8593	1
8594	0
8595	0
8596	0
8597	0
8598	1
8599	0
8600	1
8601	0
8602	0
8603	1
8604	1
8605	1
8606	1
8607	1
8608	0
8609	0
8610	1
8611	1
8612	1
8613	0
8614	0
8615	1
8616	0
8617	0
8618	0
8619	1
8620	0
8621	1
8622	1
8623	0
8624	1
8625	1
8626	1
8627	0
8628	0
8629	1
8630	0
8631	1
8632	1
8633	1
8634	0
8635	1
8636	1
8637	0
8638	1
8639	1
8640	0
8641	0
8642	0
8643	1
8644	1
8645	1
8646	1
8647	0
8648	1
8649	0
8650	0
8651	0
8652	0
8653	0
8654	0
8655	0
8656	0
8657	0
8658	0
8659	0
8660	1
8661	0
8662	1
8663	0
8664	0
8665	1
8666	0
8667	1
8668	1
8669	0
8670	1
8671	1
8672	0
8673	0
8674	1
8675	1
8676	1
8677	1
8678	1
8679	0
8680	0
8681	1
8682	0
8683	1
8684	0
8685	1
8686	1
8687	1
8688	0
8689	1
8690	0
8691	1
8692	0
8693	1
8694	0
8695	0
8696	0
8697	0
8698	0
8699	0
8700	1
8701	0
8702	0
8703	0
8704	1
8705	1
8706	0
8707	0
8708	1
8709	1
8710	1
8711	1
8712	1
8713	1
8714	1
8715	0
8716	0
8717	1
8718	1
8719	1
8720	0
8721	0
8722	0
8723	0
8724	1
8725	1
8726	0
8727	1
8728	0
8729	1
8730	1
8731	0
8732	0
8733	0
8734	0
8735	1
8736	1
8737	0
8738	0
8739	1
8740	0
8741	1
8742	1
8743	0
8744	1
8745	0
8746	1
8747	0
8748	0
8749	0
8750	1
8751	0
8752	1
8753	1
8754	1
8755	1
8756	0
8757	1
8758	0
8759	1
8760	0
8761	0
8762	0
8763	0
8764	1
8765	1
8766	1
8767	1
8768	0
8769	1
8770	0
8771	0
8772	1
8773	1
8774	1
8775	1
8776	1
8777	0
8778	1
8779	0
8780	0
8781	0
8782	1
8783	1
8784	1
8785	0
8786	1
8787	0
8788	1
8789	0
8790	0
8791	1
8792	1
8793	0
8794	0
8795	1
8796	0
8797	1
8798	0
8799	0
8800	1
8801	1
8802	1
8803	0
8804	1
8805	0
8806	1
8807	0
8808	1
8809	1
8810	1
8811	0
8812	0
8813	1
8814	0
8815	1
8816	0
8817	0
8818	1
8819	0
8820	0
8821	0
8822	0
8823	1
8824	1
8825	0
8826	0
8827	1
8828	1
8829	1
8830	0
8831	1
8832	1
8833	1
8834	0
8835	0
8836	0
8837	0
8838	0
8839	0
8840	1
8841	0
8842	1
8843	0
8844	0
8845	0
8846	1
8847	0
8848	0
8849	0
8850	1
8851	1
8852	1
8853	1
8854	0
8855	1
8856	1
8857	0
8858	1
8859	0
8860	0
8861	1
8862	1
8863	1
8864	1
8865	0
8866	1
8867	1
8868	0
8869	1
8870	0
8871	1
8872	1
8873	0
8874	0
8875	0
8876	0
8877	1
8878	0
8879	0
8880	1
8881	1
8882	0
8883	1
8884	1
8885	0
8886	1
8887	1
8888	0
8889	0
8890	0
8891	1
8892	1
8893	0
8894	1
8895	0
8896	1
8897	0
8898	1
8899	1
8900	1
8901	0
8902	1
8903	1
8904	0
8905	0
8906	0
8907	0
8908	0
8909	1
8910	1
8911	1
8912	1
8913	1
8914	0
8915	0
8916	0
8917	1
8918	0
8919	1
8920	0
8921	0
8922	1
8923	0
8924	1
8925	0
8926	1
8927	0
8928	1
8929	0
8930	0
8931	1
8932	0
8933	1
8934	1
8935	0
8936	0
8937	1
8938	1
8939	1
8940	1
8941	0
8942	0
8943	1
8944	1
8945	0
8946	1
8947	0
8948	0
8949	1
8950	0
8951	0
8952	1
8953	0
8954	1
8955	0
8956	1
8957	1
8958	0
8959	1
8960	1
8961	0
8962	1
8963	0
8964	0
8965	0
8966	1
8967	1
8968	0
8969	0
8970	1
8971	0
8972	1
8973	0
8974	1
8975	0
8976	1
8977	1
8978	0
8979	1
8980	0
8981	0
8982	1
8983	1
8984	0
8985	1
8986	1
8987	1
8988	1
8989	1
8990	0
8991	1
8992	1
8993	0
8994	1
8995	1
8996	1
8997	0
8998	1
8999	0
9000	1
9001	0
9002	1
9003	1
9004	0
9005	1
9006	1
9007	0
9008	0
9009	1
9010	0
9011	0
9012	1
9013	1
9014	0
9015	0
9016	0
9017	0
9018	1
9019	1
9020	0
9021	1
9022	0
9023	1
9024	1
9025	1
9026	0
9027	0
9028	0
9029	0
9030	0
9031	1
9032	1
9033	1
9034	1
9035	0
9036	0
9037	0
9038	1
9039	0
9040	1
9041	0
9042	0
9043	1
9044	1
9045	0
9046	0
9047	0
9048	1
9049	0
9050	1
9051	1
9052	1
9053	0
9054	0
9055	1
9056	1
9057	1
9058	0
9059	1
9060	1
9061	0
9062	0
9063	0
9064	0
9065	0
9066	0
9067	1
9068	1
9069	1
9070	0
9071	0
9072	0
9073	0
9074	0
9075	1
9076	1
9077	1
9078	0
9079	1
9080	1
9081	1
9082	1
9083	0
9084	1
9085	0
9086	0
9087	1
9088	0
9089	0
9090	0
9091	1
9092	0
9093	1
9094	0
9095	1
9096	0
9097	1
9098	0
9099	0
9100	0
9101	1
9102	0
9103	0
9104	1
9105	1
9106	1
9107	0
9108	1
9109	1
9110	0
9111	1
9112	1
9113	0
9114	1
9115	0
9116	1
9117	1
9118	1
9119	1
9120	0
9121	0
9122	1
9123	1
9124	0
9125	0
9126	1
9127	1
9128	0
9129	0
9130	0
9131	0
9132	1
9133	1
9134	0
9135	1
9136	0
9137	0
9138	0
9139	1
9140	1
9141	0
9142	1
9143	0
9144	0
9145	0
9146	0
9147	1
9148	0
9149	1
9150	1
9151	1
9152	0
9153	1
9154	1
9155	1
9156	0
9157	1
9158	0
9159	1
9160	0
9161	0
9162	1
9163	1
9164	0
9165	1
9166	1
9167	1
9168	1
9169	0
9170	0
9171	1
9172	0
9173	1
9174	0
9175	0
9176	0
9177	0
9178	0
9179	0
9180	1
9181	0
9182	1
9183	1
9184	1
9185	1
9186	1
9187	0
9188	1
9189	1
9190	0
9191	0
9192	0
9193	0
9194	0
9195	0
9196	1
9197	0
9198	0
9199	0
9200	0
9201	1
9202	1
9203	0
9204	1
9205	1
9206	0
9207	0
9208	0
9209	0
9210	0
9211	1
9212	1
9213	0
9214	0
9215	0
9216	1
9217	0
9218	1
9219	1
9220	0
9221	1
9222	0
9223	0
9224	1
9225	1
9226	0
9227	1
9228	1
9229	0
9230	1
9231	0
9232	1
9233	1
9234	1
9235	1
9236	0
9237	1
9238	1
9239	0
9240	0
9241	0
9242	0
9243	0
9244	1
9245	0
9246	0
9247	1
9248	0
9249	0
9250	0
9251	1
9252	1
9253	0
9254	0
9255	1
9256	0
9257	0
9258	1
9259	1
9260	1
9261	0
9262	1
9263	1
9264	1
9265	1
9266	0
9267	1
9268	1
9269	1
9270	1
9271	1
9272	0
9273	1
9274	0
9275	0
9276	0
9277	1
9278	0
9279	0
9280	1
9281	0
9282	0
9283	0
9284	1
9285	1
9286	1
9287	0
9288	1
9289	0
9290	1
9291	1
9292	0
9293	0
9294	0
9295	0
9296	0
9297	0
9298	0
9299	0
9300	0
9301	0
9302	0
9303	1
9304	0
9305	1
9306	0
9307	0
9308	0
9309	0
9310	0
9311	1
9312	0
9313	0
9314	0
9315	1
9316	0
9317	1
9318	1
9319	1
9320	0
9321	0
9322	0
9323	0
9324	1
9325	1
9326	1
9327	0
9328	0
9329	0
9330	1
9331	1
9332	0
9333	0
9334	0
9335	1
9336	0
9337	1
9338	1
9339	1
9340	1
9341	1
9342	0
9343	1
9344	0
9345	0
9346	0
9347	0
9348	0
9349	0
9350	1
9351	0
9352	0
9353	1
9354	1
9355	0
9356	0
9357	1
9358	0
9359	0
9360	0
9361	1
9362	0
9363	1
9364	0
9365	1
9366	1
9367	0
9368	0
9369	1
9370	1
9371	0
9372	0
9373	0
9374	0
9375	0
9376	1
9377	0
9378	0
9379	0
9380	0
9381	1
9382	1
9383	0
9384	0
9385	1
9386	1
9387	0
9388	1
9389	1
9390	1
9391	0
9392	0
9393	0
9394	0
9395	0
9396	1
9397	0
9398	1
9399	0
9400	0
9401	1
9402	1
9403	1
9404	0
9405	0
9406	0
9407	0
9408	0
9409	0
9410	1
9411	1
9412	1
9413	0
9414	1
9415	0
9416	0
9417	1
9418	0
9419	1
9420	0
9421	0
9422	1
9423	0
9424	1
9425	1
9426	0
9427	1
9428	1
9429	0
9430	0
9431	1
9432	1
9433	0
9434	1
9435	1
9436	0
9437	1
9438	1
9439	0
9440	0
9441	1
9442	0
9443	0
9444	0
9445	0
9446	1
9447	1
9448	0
9449	1
9450	1
9451	0
9452	1
9453	1
9454	0
9455	0
9456	0
9457	1
9458	0
9459	1
9460	1
9461	1
9462	0
9463	0
9464	0
9465	0
9466	1
9467	0
9468	1
9469	0
9470	1
9471	1
9472	0
9473	0
9474	1
9475	0
9476	0
9477	0
9478	0
9479	1
9480	1
9481	1
9482	1
9483	0
9484	0
9485	1
9486	0
9487	0
9488	1
9489	1
9490	1
9491	1
9492	1
9493	1
9494	0
9495	0
9496	0
9497	0
9498	1
9499	1
9500	0
9501	0
9502	0
9503	1
9504	0
9505	0
9506	1
9507	1
9508	1
9509	0
9510	1
9511	1
9512	1
9513	0
9514	1
9515	0
9516	1
9517	0
9518	0
9519	1
9520	0
9521	0
9522	0
9523	1
9524	1
9525	1
9526	1
9527	1
9528	1
9529	1
9530	0
9531	0
9532	1
9533	1
9534	0
9535	0
9536	0
9537	0
9538	0
9539	1
9540	0
9541	1
9542	1
9543	0
9544	0
9545	0
9546	1
9547	1
9548	0
9549	0
9550	0
9551	0
9552	0
9553	1
9554	1
9555	0
9556	1
9557	0
9558	0
9559	0
9560	1
9561	1
9562	0
9563	0
9564	1
9565	0
9566	1
9567	0
9568	0
9569	0
9570	0
9571	1
9572	1
9573	1
9574	0
9575	1
9576	1
9577	0
9578	0
9579	1
9580	1
9581	0
9582	0
9583	1
9584	0
9585	1
9586	1
9587	1
9588	1
9589	0
9590	1
9591	1
9592	0
9593	0
9594	1
9595	1
9596	1
9597	0
9598	0
9599	1
9600	0
9601	0
9602	1
9603	0
9604	1
9605	1
9606	1
9607	1
9608	1
9609	0
9610	0
9611	0
9612	0
9613	1
9614	1
9615	1
9616	0
9617	0
9618	1
9619	0
9620	0
9621	1
9622	1
9623	0
9624	1
9625	1
9626	1
9627	0
9628	1
9629	1
9630	1
9631	1
9632	0
9633	1
9634	1
9635	1
9636	0
9637	0
9638	0
9639	0
9640	0
9641	0
9642	1
9643	1
9644	1
9645	1
9646	1
9647	0
9648	1
9649	1
9650	1
9651	1
9652	0
9653	1
9654	0
9655	0
9656	0
9657	1
9658	0
9659	0
9660	1
9661	0
9662	0
9663	0
9664	1
9665	0
9666	1
9667	0
9668	1
9669	1
9670	0
9671	0
9672	1
9673	0
9674	0
9675	0
9676	1
9677	0
9678	0
9679	1
9680	0
9681	0
9682	1
9683	1
9684	1
9685	1
9686	1
9687	1
9688	0
9689	1
9690	0
9691	1
9692	1
9693	1
9694	0
9695	1
9696	1
9697	1
9698	0
9699	1
9700	1
9701	1
9702	0
9703	0
9704	0
9705	0
9706	0
9707	1
9708	1
9709	1
9710	0
9711	0
9712	1
9713	1
9714	1
9715	0
9716	0
9717	0
9718	1
9719	0
9720	1
9721	0
9722	1
9723	0
9724	1
9725	0
9726	1
9727	0
9728	1
9729	0
9730	1
9731	0
9732	1
9733	1
9734	0
9735	1
9736	0
9737	1
9738	1
9739	0
9740	1
9741	1
9742	1
9743	0
9744	1
9745	0
9746	1
9747	1
9748	0
9749	0
9750	1
9751	0
9752	0
9753	0
9754	1
9755	0
9756	0
9757	1
9758	1
9759	1
9760	0
9761	0
9762	1
9763	0
9764	1
9765	1
9766	0
9767	0
9768	0
9769	0
9770	1
9771	0
9772	0
9773	1
9774	0
9775	0
9776	0
9777	0
9778	0
9779	1
9780	0
9781	0
9782	1
9783	1
9784	1
9785	1
9786	1
9787	1
9788	0
9789	1
9790	0
9791	0
9792	1
9793	1
9794	0
9795	0
9796	1
9797	1
9798	1
9799	0
9800	1
9801	1
9802	1
9803	0
9804	0
9805	1
9806	0
9807	1
9808	1
9809	1
9810	0
9811	0
9812	0
9813	1
9814	0
9815	1
9816	0
9817	1
9818	0
9819	1
9820	0
9821	0
9822	1
9823	0
9824	0
9825	1
9826	1
9827	0
9828	1
9829	1
9830	1
9831	0
9832	1
9833	0
9834	0
9835	0
9836	0
9837	0
9838	0
9839	1
9840	0
9841	1
9842	0
9843	1
9844	0
9845	0
9846	0
9847	0
9848	0
9849	0
9850	0
9851	1
9852	1
9853	0
9854	0
9855	0
9856	1
9857	1
9858	1
9859	1
9860	1
9861	0
9862	1
9863	0
9864	0
9865	0
9866	1
9867	0
9868	1
9869	1
9870	1
9871	0
9872	0
9873	0
9874	0
9875	0
9876	0
9877	0
9878	1
9879	1
9880	0
9881	1
9882	0
9883	0
9884	0
9885	0
9886	1
9887	1
9888	1
9889	1
9890	1
9891	1
9892	1
9893	0
9894	0
9895	1
9896	1
9897	1
9898	1
9899	0
9900	1
9901	1
9902	1
9903	1
9904	1
9905	1
9906	1
9907	1
9908	0
9909	0
9910	0
9911	0
9912	1
9913	0
9914	1
9915	0
9916	1
9917	0
9918	0
9919	1
9920	0
9921	1
9922	1
9923	0
9924	1
9925	1
9926	0
9927	0
9928	1
9929	1
9930	1
9931	0
9932	0
9933	0
9934	0
9935	0
9936	0
9937	0
9938	0
9939	0
9940	0
9941	0
9942	1
9943	1
9944	1
9945	0
9946	0
9947	0
9948	1
9949	1
9950	0
9951	0
9952	1
9953	1
9954	1
9955	0
9956	1
9957	0
9958	0
9959	1
9960	0
9961	0
9962	1
9963	1
9964	1
9965	1
9966	0
9967	0
9968	1
9969	1
9970	1
9971	0
9972	0
9973	0
9974	1
9975	0
9976	0
9977	0
9978	0
9979	1
9980	1
9981	0
9982	1
9983	1
9984	1
9985	1
9986	1
9987	0
9988	1
9989	0
9990	0
9991	0
9992	1
9993	0
9994	0
9995	1
9996	1
9997	1
9998	0
9999	1
